 F
       40031      120395           3        2048
   -0.140978708827201302E+03   -0.127094131632088533E+03
 T
   2
    0.200000000000000000E+01    0.300000000000000000E+01    0.879882812500000000E+00    0.120117187500000000E+00
   0
   0
 T T     0           0
    0.000000000000000000E+00   -0.100000000000000002+101    0.000000000000000000E+00
 T F     1        1802
    0.714377851224226712E-08   -0.141092009092353436E+03   -0.127058058906955040E+03
 T F     1         246
    0.195678271522352874E-08   -0.143212537914748737E+03   -0.127394817432133422E+03
