 F
       19085       39456           3        2048
   -0.162191445666745551E+03   -0.157096354975682431E+03
 T
   2
    0.200000000000000000E+01    0.300000000000000000E+01    0.983886718750000000E+00    0.161132812500000000E-01
   0
   0
 T T     0           0
    0.000000000000000000E+00   -0.100000000000000002+101    0.000000000000000000E+00
 T F     1        2015
    0.237865737470043339E-03   -0.162205654267052921E+03   -0.157093439006188873E+03
 T F     1          33
    0.710726688036548862E-05   -0.166452449397324557E+03   -0.157300126111235983E+03
