ps1__g,ps1__r,ps1__i,ps1__z,ps1__y
21.26018006774308,22.135579597801833,22.147859026027625,20.79626102955131,23.06443164332886
20.12184960826097,20.394955291100253,20.247242363083963,20.018901778211188,21.568540666954334
18.97457447691739,18.72129019126654,18.251283366282845,19.227175879469776,20.102670098444488
18.668514746072177,18.372474700175946,17.85769686486055,18.836970628011162,19.567883794079297
18.379347927732947,18.071840540230667,17.43128098597127,18.450347688944674,19.076825987342755
18.303303752947194,17.947353230916427,17.260800480145104,18.241747665103663,18.805530229336306
18.23550780469118,17.83111311146991,17.059082042493273,18.035036576381007,18.54676800906716
18.23950143028939,17.787785955928477,17.003467168136957,17.972548651746145,18.35610728655744
18.24587884296922,17.754533284983125,16.953648993905052,17.917462578484155,18.173654054386745
18.315878884175127,17.78350457202955,16.928347128439437,17.803977041718504,17.985076956822862
18.391480121379864,17.824903389419163,16.905225437868246,17.68413807334469,17.799344998682372
18.50634316908703,17.89272282182975,16.913780006024748,17.52084467910955,17.612280378542014
18.62550222223438,17.97121887828481,16.923376841643464,17.352809918085953,17.426703395465843
18.748575311386762,18.068158598656254,16.955562322956464,17.304503177016457,17.328960161836285
18.872164813498784,18.167406702998854,16.988391648796252,17.27115759803511,17.242779033941886
19.02901757666096,18.261087027376625,17.049558769533604,17.29096597290168,17.226521928878135
19.191039156994144,18.353902167891537,17.115182309857694,17.31862392119468,17.222032118980998
19.357284634628236,18.46986824636388,17.19628148566539,17.369812941954706,17.246197008615823
19.52428972100118,18.591522049700885,17.280163737650156,17.42482686453134,17.27637072575411
19.69799251460509,18.721005129308352,17.382433843412027,17.495317460837448,17.32845826245036
19.873070598825002,18.854904378789342,17.488479665531152,17.569002586180247,17.38542662325365
20.045512166831408,18.995885514327355,17.600749311465044,17.644396584631924,17.44363455046814
20.21734215319414,19.138363999275896,17.71446267178956,17.72018698323445,17.50251582295102
20.380187670972898,19.268763925387965,17.83096421086147,17.80121443320132,17.566487296126375
20.540699048626372,19.39602587527225,17.94819011107171,17.883602454649235,17.631755213776835
20.69684439920536,19.522463646377297,18.067924616674585,17.9694026634235,17.704801693055998
20.851728338179804,19.648663299701894,18.188383896517177,18.056153810214923,17.780753340332637
20.99422300912199,19.775138681656646,18.294301565169484,18.145336291364814,17.85169655235236
21.132760411112656,19.90170213437912,18.39557448270989,18.23495796747905,17.921822996961595
21.279651059537557,20.020320983122232,18.505330401953504,18.30821605140816,17.9920080440313
21.428234883969957,20.13614821792795,18.618067119969098,18.37576435626718,18.063453560977393
21.56109624152949,20.251003532680347,18.7181013370648,18.449257963368787,18.13092290968293
21.685240994306668,20.365484709783175,18.81324576531263,18.525040196370625,18.19667189313571
21.803508926290604,20.466549159381394,18.904499765103214,18.599075905068823,18.260906972091384
21.919787532041255,20.56566921282665,18.994118934993743,18.6714287637897,18.325291905066884
22.033096368181894,20.65897783114706,19.076283099943034,18.74091239343063,18.39116243377864
22.145047029102685,20.7488879140097,19.155037841164322,18.80834969369346,18.457554732084674
22.257750739627646,20.83612074484115,19.243374544170912,18.87794303455526,18.518681698595685
22.370828294494363,20.926910242950186,19.336468121328245,18.948825462276396,18.577194741019746
22.470787521840055,21.01184572316267,19.42233075939938,19.00812583467048,18.639587142831004
22.563692968858327,21.099270605814944,19.502153549722138,19.061037979984768,18.70406549263255
22.65972232170011,21.18246109313891,19.57970859714662,19.116650117414494,18.75875165625507
22.75694251185801,21.263095542882624,19.656644850052366,19.173415900801423,18.807745542323758
22.8483896704697,21.338926958213925,19.739354180567283,19.23227697484863,18.862923469805494
22.936451427725196,21.41269661407297,19.82113936843175,19.29232709254124,18.92198161811016
23.024279509551455,21.484954805430082,19.892528422101236,19.349042768177878,18.981505079230665
23.110558483124706,21.559104111453202,19.95888937599963,19.4036366513157,19.041343268960745
23.195197398962765,21.630441886900186,20.023774905413617,19.45964540910633,19.098555907007473
23.276005297851967,21.707001239906933,20.08758582877987,19.516464358920988,19.15385625896475
23.359869852332356,21.773941407095666,20.152570807925034,19.569801247782536,19.205789589820334
23.447973377804484,21.839800483375406,20.218475796669047,19.620138321379898,19.25547166107259
23.529194115878482,21.90241746841272,20.282430541852378,19.668674357461583,19.308455763713432
23.604710452664328,21.958721974067668,20.344742110598865,19.71530002465131,19.3643315034604
23.678533371111918,22.018142201335756,20.40128297451725,19.760376954128606,19.41635175829926
23.750822883039028,22.08197583132786,20.452598409956906,19.80457977162696,19.46571082738349
23.823232281047304,22.138134383548508,20.516665954043102,19.850056002793103,19.513874622459976
23.894718220037795,22.186260379970847,20.590435820864016,19.896771169639905,19.560934093776055
23.964171635164263,22.240819324109033,20.659890104779546,19.943492830095742,19.60484691496405
24.032128975993363,22.303403784514913,20.72530719218269,19.990221278224105,19.644324612674374
24.100516431184488,22.354671553950087,20.785934698873234,20.038221057421175,19.691222820680444
24.16962177602808,22.39197214606668,20.8432635325869,20.08764873888147,19.74645541436019
24.237776628475526,22.432743353430347,20.902979306634784,20.134824730498067,19.798961887241042
24.30525436318389,22.475177735890156,20.963454167238673,20.179151156381305,19.84902588125552
24.372959242140507,22.516408882945562,21.02053056375525,20.223313085930904,19.896001849364335
24.44051979483092,22.55792447056222,21.074209270883284,20.267348866239914,19.938122095173732
24.505586466257313,22.606934073255196,21.12675379753999,20.30977463959448,19.977346132920808
24.565198293594843,22.652287772331057,21.178216566955363,20.34909247250508,20.011731131592633
24.62540370163447,22.702389131371685,21.22362584075764,20.388033490055165,20.04981356111624
24.69251589185415,22.749984650167747,21.276427631609096,20.427750034855983,20.093601287232282
24.759158329311333,22.79809128664428,21.33066113124487,20.466531457260764,20.141276675884832
24.82376554354584,22.83860989152053,21.381446810995467,20.50645128159444,20.194118099171774
24.88739394216108,22.878061943284358,21.4298545110204,20.551072065272795,20.24211895342082
24.952216895172498,22.91420239670026,21.488926380293993,20.60378266993431,20.28127336490347
25.0124040584503,22.95347032996962,21.540749264355462,20.650049453447327,20.321710472048338
25.06712123427944,23.000443386784852,21.5843622381063,20.6844478835158,20.36281479798556
25.122146685719894,23.04129073295089,21.62957581458427,20.718933215493195,20.40381424608745
25.18299517503927,23.064507822825313,21.684985284817245,20.754226045753388,20.44188960461317
25.244425804233828,23.106072856957816,21.738136408254082,20.794916070960618,20.482318437560718
25.31675459509054,23.16211771314942,21.79089537765936,20.84738937932606,20.528335242434153
25.379111436987813,23.212096146349072,21.836688000962106,20.894575776415245,20.57138873647194
25.42661803670657,23.245758799566204,21.880533365393564,20.930507774127214,20.605325470847568
25.479238789561958,23.278686863734965,21.924654468495042,20.96650389231578,20.641686527916377
25.544446933048604,23.30846283749121,21.97223270017681,21.005527671415226,20.684479501533314
25.606379607418226,23.342679142177147,22.008401485551516,21.043535832985466,20.72461651582851
25.665654936496544,23.38281958235075,22.060584914810697,21.078404074518893,20.757026921369018
25.72286760334392,23.422724347504435,22.112111103061277,21.11533422074556,20.79049840331718
25.78291966875608,23.461151414193992,22.160983021056015,21.16065080350588,20.82745866866987
25.843983793510695,23.509102973495892,22.208628443522223,21.205145627154995,20.865270928801422
25.91759909436304,23.543685171297923,22.254904715707994,21.247099315566487,20.905038579044394
25.981732619459454,23.58357122100191,22.29412407110707,21.289089514738492,20.943249953192378
26.022182442013996,23.63630543140993,22.352851951990154,21.33098237687207,20.97569762190168
26.06243273611679,23.68844259906167,22.391309218789516,21.37159374294597,21.010748051165287
26.12306283695235,23.713756999766872,22.43863177627922,21.41063807452526,21.050222559148587
26.176586545799395,23.753013692485165,22.480857472064933,21.44710052801468,21.088823175362627
26.23726291832354,23.786683424640827,22.525341048199266,21.478915191026303,21.123037963520424
26.29508011543698,23.83463450330082,22.557962280758332,21.51084981437345,21.156120381551585
26.363717698380974,23.867971972176264,22.602115418682114,21.5512584886892,21.182706012173945
26.430128863506827,23.907423474431546,22.647314035613658,21.590115531952492,21.21021119549834
26.481481418914797,23.953142139619747,22.698774699402055,21.62933425101938,21.243416304474756
26.53351161998951,23.99750321346764,22.745241799208955,21.66833299580465,21.276809786189915
26.601477167941308,24.03385607844648,22.791707307648245,21.70549500668301,21.311339638815856
26.663372913071566,24.090874261226297,22.826256966364518,21.741858825426327,21.346412594784255
26.718900597458934,24.122334221250277,22.876528618493516,21.778551062620593,21.37109198874642
26.76671244128012,24.17564875201601,22.907386243610866,21.812516926956732,21.397991250967337
26.83047379334151,24.198308342611256,22.94617778237765,21.84361456995004,21.431552573134297
26.889013387530955,24.245806613873597,22.971484813322355,21.8734013840875,21.466237641673445
26.948073473104554,24.268130678585685,23.025316894724373,21.90360163695162,21.497946037878314
27.001271883486577,24.30994109390899,23.05382798432425,21.93406336242174,21.529420020999304
27.048889225031814,24.35061311117959,23.107411477672976,21.97067587506238,21.55535903686556
27.087435148190238,24.391437289436723,23.134511170451297,22.006536550688693,21.58145380624577
27.14528480999251,24.427281964929673,23.18685666664272,22.042245091695023,21.61263162340365
27.19897442842602,24.472472655181964,23.2287862609971,22.07564281079184,21.643830378683283
27.261662953157977,24.511062349074987,23.267300277775163,22.10912125008727,21.6713644173473
27.311038208719722,24.561208611315582,23.294041680498268,22.141625508212734,21.698898456011314
27.379339920553363,24.595306151355835,23.32896190751752,22.17061159305809,21.723875321730823
27.438879786523223,24.6379393907172,23.363835769437195,22.19955076193121,21.74935182798186
27.488090167088583,24.67661454830639,23.398066851150222,22.23194038534219,21.779236162161723
27.527911607859593,24.730189020392412,23.41080706730505,22.26251892075953,21.80926162639927
27.562689589389066,24.754993296226306,23.45037007664821,22.29355568068688,21.83270426769847
27.595652746042997,24.80159488814784,23.48910509976585,22.323334321865026,21.857019494369155
27.654992787525266,24.838456532291296,23.537960066352344,22.350696889930894,21.88608101397876
27.71041628928239,24.8870490157596,23.56835953863326,22.377702506849516,21.91688301789676
27.759493517504858,24.934358534214788,23.60720003841873,22.405898577827077,21.93742049553282
27.78768395309676,24.99298305730841,23.63698126627598,22.43381484995343,21.956994897801835
27.856579556884608,25.035812489222643,23.686460723885585,22.464772458733094,21.9839459283433
27.89879062088784,25.088865285681038,23.722707685100445,22.49578021673966,22.012746805416704
27.97688754488344,25.10732414877257,23.758901362362288,22.52239995174639,22.035523753479886
28.019785708559304,25.156352624962416,23.78812777487392,22.54751142268247,22.057455906166652
28.078862525562467,25.173011509983038,23.82687508531516,22.575704571801047,22.081903167840892
28.11597670354269,25.21506736081404,23.86092917897213,22.602748178534082,22.106921620143964
28.17502895620808,25.25920803074834,23.894299009749787,22.63002722504565,22.131542487512206
28.233423043126884,25.302723532311337,23.91934945381577,22.657403658805357,22.15618176827268
28.272367163067493,25.33920157369208,23.949051371414146,22.68768291972737,22.180801162362705
28.297515883148833,25.4117506235682,23.97056734125622,22.718130267064645,22.20541225421787
28.35004109348499,25.431627645992908,24.00759500603268,22.741402209446996,22.226779891649528
28.403618544934503,25.48282573839702,24.045131027701487,22.762624165376156,22.24762341394934
28.457345383990095,25.517373520307956,24.07640207606596,22.784966925034734,22.271825412539567
28.501644816602788,25.579543612015343,24.101762610598126,22.807579545757413,22.29714922889775
28.545202122511977,25.600261160751568,24.135342504680466,22.83214314416071,22.322100865190507
28.572961382979646,25.668811872046867,24.166732644211447,22.85723650256659,22.347754737993938
28.627294231488584,25.685256294396662,24.200282415216286,22.884064462232534,22.373824538172784
28.67523849298656,25.736578945599405,24.22350476581069,22.91146454647982,22.400323077097475
28.73678389264074,25.767409453579155,24.25646688745301,22.93918982820898,22.42374760351567
28.78596146873103,25.83014586970072,24.283200153454537,22.966453144777674,22.447155283256073
28.84840730647916,25.86776556142879,24.31511625638803,22.993051614696732,22.47096194746961
28.900559537343817,25.921657161965,24.341429931724562,23.019474263445773,22.494757962020024
28.95178353596016,25.944587955694367,24.377963530595615,23.045369736434605,22.518355805280034
29.00328331261644,25.96504909209164,24.41190413132319,23.070064555896646,22.542299723885577
29.046769910520148,25.99962815423814,24.447198367826736,23.092387841060486,22.56281538160782
