 F
       20161       43684           3        2048
   -0.865829617179644231E+02   -0.807644273860548907E+02
 T
   2
    0.200000000000000000E+01    0.300000000000000000E+01    0.974609375000000000E+00    0.253906250000000000E-01
   0
   0
 T T     0           0
    0.000000000000000000E+00   -0.100000000000000002+101    0.000000000000000000E+00
 T F     1        1996
    0.133630271297298489E-03   -0.865851313171108785E+02   -0.807568885101945853E+02
 T F     1          52
    0.264140511130614608E-04   -0.927172591751118063E+02   -0.842354375374665523E+02
