 F
       53209      116243           3        2048
    0.370748623086554545E+02    0.576079455310410253E+02
 T
   2
    0.200000000000000000E+01    0.300000000000000000E+01    0.986328125000000000E+00    0.136718750000000000E-01
   0
   0
 T T     0           0
    0.000000000000000000E+00   -0.100000000000000002+101    0.000000000000000000E+00
 T F     1        2020
    0.131974766753925571E-10    0.370748535578124603E+02    0.576080384643792414E+02
 T F     1          28
    0.120458264481069044E-10    0.254284973961087140E+02    0.469880630345931891E+02
