 F
       34390       83005           3        2048
   -0.142566561977727076E+03   -0.130625899302982788E+03
 T
   2
    0.200000000000000000E+01    0.300000000000000000E+01    0.384277343750000000E+00    0.615722656250000000E+00
   0
   0
 T T     0           0
    0.000000000000000000E+00   -0.100000000000000002+101    0.000000000000000000E+00
 T F     1         787
    0.709549837306660326E-07   -0.143649637949119096E+03   -0.130894951770117984E+03
 T F     1        1261
    0.714273269392155028E-07   -0.142979886708561537E+03   -0.130488188594946166E+03
