2massj,2massh,2massks
17.210249470067673,21.819087781634536,23.245874768416304
18.0545112078146,20.956296501668554,22.498394974485926
18.390338429043954,20.08977845622853,21.61846067074429
18.22126458381806,20.503321845144203,21.04149682286257
17.800162952961454,19.96484975652431,20.332946983164796
17.73593668144137,19.633182272847513,20.040950176125108
17.442270879541766,19.29035352823226,19.74672122058547
17.423035530674248,18.946242090018146,19.551845428436756
17.321873403638264,18.59211675258095,19.341817923352913
17.25807886599855,18.237807116806408,19.17193003303897
17.19825112123852,17.881021875144302,18.934206186753023
17.215411228770932,17.609835712596553,18.492923199631335
17.123438956809622,17.34301706988023,17.993814595989207
17.119367423127585,17.184076548378442,17.789585676863837
17.02657506548847,17.03341450714121,17.58885354853362
16.949105072981226,16.90957214385131,17.432850808059904
16.859916584806076,16.790031930889278,17.271093466212932
16.88401341673094,16.741379774800837,17.19236147652405
16.92897635532802,16.695497792738035,17.10931861496085
16.93232784572427,16.687191840213178,17.060570393456175
16.927134944397284,16.678793626498713,17.005589000743402
16.962858379085453,16.694455907185926,16.97771982937832
17.008073005181807,16.708283060501604,16.94166061523916
17.029722159064814,16.73268121215259,16.951457419694204
17.045249068348674,16.760325672026337,16.950680538793538
17.086815204130517,16.793237133276513,16.960527392742577
17.13590446835787,16.827670311305823,16.965857047364423
17.177142022234584,16.865860195975042,16.995607498221542
17.21587165316491,16.904121258731315,17.022039210336075
17.290948700057825,16.95129974179755,17.05046899183524
17.378797680360222,17.001338723699277,17.069270674936668
17.414685288006588,17.050031673523492,17.104057130300927
17.430570524298183,17.09701957308509,17.127275817212663
17.510539410460574,17.149175159932852,17.166009515967346
17.592328985277476,17.200679956622963,17.213496463936167
17.654477096409913,17.24992180891519,17.240812296759763
17.712678194806024,17.29873698148614,17.243855599127755
17.759627846560136,17.3525051788099,17.27582230237854
17.79865721283558,17.40365954293877,17.32447056696772
17.86935691604857,17.457491475652255,17.352374698771477
17.947741749931325,17.51076422870738,17.36823008042245
18.005507284879005,17.55931677230761,17.40995344772246
18.04702914907979,17.605738913613116,17.4499862361945
18.095727686745697,17.65289776318447,17.486856027473817
18.136336533123455,17.699553603537332,17.52823558002992
18.18826220462262,17.747646047565375,17.5681772690288
18.2325912482386,17.796099621858577,17.607146414863816
18.271009231333085,17.84528332459931,17.65757403788379
18.316397647510502,17.89331148880144,17.705567549733374
18.365293845182393,17.94180275027636,17.743052956386073
18.41693879866601,17.991644378110294,17.76824585126814
18.472788377414098,18.037586316575158,17.79968982020011
18.52915638693024,18.080482267732883,17.843548732493936
18.582113300158248,18.120423929985982,17.869176651618183
18.627067010942568,18.157690455347392,17.878296231858055
18.655727469966415,18.19844235115624,17.90349343206106
18.67097672504199,18.242585250153503,17.944332946726547
18.695300852092203,18.286703558356173,17.986901673953593
18.73357127728942,18.329692081724623,18.02969200717041
18.779104560547836,18.373322645927846,18.068703263588358
18.82657795587813,18.417955081192467,18.10276301674154
18.87119747442796,18.45971483375706,18.13453149714829
18.918594556880755,18.49950062701202,18.166039881464954
18.96071840163316,18.538474580428314,18.19503935074036
18.997670902541017,18.575380509959267,18.222732812207127
19.020671335561072,18.612772239553152,18.254011692772956
19.028723426635736,18.651778691858937,18.29029915575929
19.04503442599613,18.689700722356793,18.324929289256954
19.073771647157116,18.728109912299047,18.357007210721434
19.11517085295799,18.763680275933694,18.391769816707978
19.174211452554058,18.794645035353625,18.431036516485197
19.218699188746562,18.828402221432672,18.466366198299127
19.243497822679853,18.866432555223767,18.494799154719463
19.263280892956114,18.90433435490362,18.523905038232947
19.283089861874906,18.94303263708857,18.55302233407917
19.306994099573558,18.977461167955067,18.580742767533078
19.339306229084322,19.00755375814903,18.61071017149125
19.36839584670212,19.03944006587695,18.640974433015078
19.390299560669504,19.075111570910735,18.67190065947048
19.409971330590082,19.108005217977485,18.701812683360487
19.42422285950802,19.135163531636728,18.729261732276832
19.451169908733675,19.16342385463108,18.759995283876236
19.509736435507623,19.195966467888546,18.799442876398892
19.559101672959414,19.22849308983044,18.83445299919802
19.596963233620215,19.260973190487967,18.856553815693477
19.62295856884917,19.293758095498553,18.881273118974946
19.62460785617013,19.327519547976422,18.914381661495895
19.636213714283443,19.360050717154973,18.94712202814536
19.68313148447014,19.388218571232684,18.9785566245379
19.716013237744008,19.416484080777614,19.008757255851858
19.693450100353367,19.44513534767357,19.034083494430973
19.685049236042822,19.47409638793288,19.060866565776664
19.739421410534415,19.50443047157642,19.094106921152036
19.788736952113013,19.53324952458763,19.12815194043543
19.81267461134939,19.55446504580339,19.16581041546513
19.83552971255317,19.5771668272246,19.20022235669228
19.85216343389459,19.608410034633202,19.228694814973963
19.873586330570713,19.63994009856433,19.255666737138313
19.92697973566584,19.67338509528193,19.28815586778746
19.976507549939363,19.706080561720633,19.320259943151335
19.995494598096933,19.73285423508787,19.34932182290999
20.014051493130083,19.759800776634112,19.37868946318609
20.02848273995547,19.788405316814803,19.41098968783546
20.04203130583696,19.816379568006923,19.44294982912949
20.044922197233532,19.836743578015025,19.4708037328027
20.050201790023316,19.857379105041293,19.49842862756505
20.09388741621664,19.882380138655822,19.52237146985091
20.136301303446217,19.907373542040112,19.547171678496255
20.148680164145027,19.932186740072336,19.592220556159173
20.161814501569275,19.9570762418888,19.63673942186408
20.20722717540022,19.98525238740809,19.65842900745399
20.233741404166032,20.01340045244791,19.68014772215355
20.252134305277398,20.03567393231352,19.707960401021264
20.270527206388763,20.05747348215093,19.73577307988898
20.301447769109743,20.07827301336579,19.763562977695486
20.31383692823821,20.09859382467809,19.791352571353244
20.353846442452237,20.126746506794092,19.81975308917871
20.370961830943607,20.15515097794289,19.848173221387263
20.40307324775479,20.176392171532832,19.87933692370112
20.412659215481803,20.197263965248485,19.900879939339184
20.43978455503828,20.218715946459888,19.923838762626247
20.46827206246126,20.24020957303212,19.94694236007829
20.49825492595955,20.26391262139093,19.96740503983404
20.528376531325833,20.282933083006313,19.987622690422178
20.544067979819737,20.308209929659895,20.014364617853097
20.55810538450222,20.330739258262895,20.041854384675595
20.60622290107427,20.35419646499738,20.07009755037771
20.626971764168747,20.37784202985671,20.098444200952134
20.65577815633447,20.396112825325268,20.112955487665555
20.686651519593653,20.413518082940996,20.125238766020153
20.7290309375797,20.433297592470225,20.14383255742668
20.773547306819584,20.45351805771572,20.161593228668025
20.80047402990518,20.472048418926555,20.18844108356187
20.819633136800526,20.489573710511515,20.210795625784314
20.852197443755873,20.51140902914431,20.228215388941454
20.88817427954067,20.53367309137464,20.244807036853416
20.933280246696803,20.552178807166914,20.26924390526328
20.96920956112449,20.569106274210966,20.295771624888577
20.993525391108157,20.58913643104129,20.31145513067535
21.015369937607133,20.605901545943183,20.323929339154127
21.042204390283686,20.626642569017754,20.350645029388964
21.056955951176676,20.64675048555663,20.376869234989215
21.09259748967456,20.667721399357468,20.389609759693037
21.137428901059284,20.68756352474691,20.393120001230095
21.171215334288835,20.704794483203642,20.412795593937076
21.20066034815226,20.720917237220434,20.439567154579564
21.226556922412666,20.735755883051162,20.45840454316822
21.249464046605837,20.750103363292922,20.473840084444937
21.271975636233844,20.76503439816876,20.485985361318413
