ps1__g,ps1__r,ps1__i,ps1__z,ps1__y
21.53647323978207,21.097870856776115,19.213875205970652,22.497588053322623,20.039173668864315
20.132735687236302,19.786211471035656,18.72586346241873,20.601290975877447,19.30064584838899
18.770932188443105,18.418112803110898,17.992831308738978,18.687012370937424,18.391401953843204
18.424312030249475,18.031448013952588,17.863438550240495,18.24388695209595,18.13595426714759
18.135569993692812,17.662168297795642,17.55253531331099,17.832019330057065,17.79626720561373
18.087847846615382,17.56160210002402,17.494878130034284,17.651574760814285,17.70590248514023
18.059664062767567,17.47366500047663,17.337958192791547,17.47389836775414,17.61462078057182
18.097747789256616,17.470743849975836,17.24801760513475,17.35928717467965,17.574316147133196
18.15163177549117,17.469139769894525,17.152315447067174,17.246075307334475,17.516685959293383
18.2732031977324,17.52991322841693,17.1028026846812,17.231395434630265,17.51507783154854
18.400638850290594,17.5902908733239,17.05741674930418,17.223828584132285,17.499151046375033
18.490703903748546,17.654678898082658,17.088957648781474,17.24303792574608,17.487398837696595
18.576679887064728,17.712943247638457,17.122687089343685,17.265193865394345,17.466814486778993
18.64536699004356,17.731068457107252,17.16107692668651,17.17918440806183,17.371207523105028
18.71177302001938,17.744003162428363,17.194077145815168,17.077857892861022,17.26585325455401
18.77994178128795,17.780412363542418,17.251343868702335,17.03618858788855,17.22870596897832
18.848384455440772,17.82046929410646,17.312517536170866,17.003276221781128,17.197029669379692
18.931779066155585,17.8821829282567,17.383262768285704,16.99960461587522,17.18642988877785
19.017862573135165,17.946506354259192,17.455729312173016,17.000682353669223,17.174754449607423
19.132428034757297,18.02631490303652,17.52927125950422,17.020779644758107,17.190415352529826
19.25284191041046,18.106935848848067,17.603034027515363,17.044803124601863,17.209522273621033
19.366817607957245,18.211887880043975,17.689391135936653,17.09455848795575,17.23168533505352
19.479299868244517,18.322606452815542,17.77866970085023,17.150282768751254,17.252363353507647
19.59831494381417,18.435334537512787,17.872250178809345,17.20852708501327,17.30784127798887
19.719027226752203,18.548584687858558,17.966948281896894,17.267426099529786,17.3725078365841
19.834924210165724,18.667497819889356,18.060667919535817,17.330227453531478,17.426594527496462
19.94942998033298,18.788047073431066,18.15410486362967,17.39411257787187,17.473883711618065
20.062813118778422,18.900004852017556,18.224386769231963,17.456370998334144,17.52977505031645
20.175837676261274,19.00921841867808,18.287272699974785,17.517687536263324,17.583961453424983
20.27144339285093,19.1186619440155,18.376551538740117,17.589458735868607,17.636515048655767
20.36675122113536,19.228186273361416,18.47510444705948,17.66495378600331,17.68144412688358
20.461084459126575,19.329341680697787,18.555430952711845,17.735211967731765,17.733593839520353
20.567533146294274,19.427275497123105,18.628741260446958,17.803454232996827,17.789602166704327
20.676151368730483,19.52218228210435,18.71107576389486,17.871674480939262,17.851778888807953
20.783429910380118,19.612703785285042,18.797202401072337,17.9386977829582,17.91207782364039
20.86941653746402,19.70514231785602,18.849911649416683,18.002662369320586,17.96888482364688
20.945665658093215,19.799081961382036,18.887338005353335,18.064309247610733,18.024991308920942
21.016288061338226,19.890105740187916,18.962514442835513,18.128087305388156,18.083252680908025
21.084117134044234,19.975563801576353,19.05643155066433,18.19319714670587,18.142583825988822
21.163136091726685,20.054281972898433,19.144062443285144,18.256411986997385,18.186987012362973
21.248171898004088,20.124624590932292,19.222783448467816,18.318406984273444,18.223363372048674
21.33062949763039,20.20382165522387,19.292093242022766,18.385475624841746,18.26975126119212
21.41451900194368,20.288245575759664,19.357729772392265,18.45497309164708,18.321958933923206
21.494842235335625,20.361940171878295,19.42637887415222,18.511981583912885,18.374785011559638
21.571817028374802,20.428100196880095,19.48523417459422,18.560996500331605,18.42799911175777
21.6423804153522,20.49675351454203,19.531827369332916,18.616222310907023,18.47515259541207
21.715128738143356,20.564637536150542,19.575275882204387,18.675816215992626,18.51820679498691
21.791064231990305,20.63734269349809,19.634644034862703,18.73547793796743,18.567237726498746
21.881681405547326,20.707432021571847,19.70560704810085,18.794913305743574,18.62062173222961
21.96554232553195,20.783487679090076,19.77369219693434,18.85334481641093,18.670067498893427
22.035465255413804,20.858776391411247,19.83952220344494,18.910650231547766,18.71422535239862
22.112723418186732,20.92935471636865,19.895933101693302,18.969101807523177,18.752624948835717
22.195717970068614,20.99898257847443,19.94440793643421,19.02802731319165,18.785550167139974
22.270584167461415,21.0686936640235,19.98374396346986,19.08025849203983,18.824359318149256
22.33809006203198,21.137138154148793,20.01480471262052,19.127089103685456,18.863776533882916
22.408943013154957,21.20244074484404,20.07056469634862,19.1741819157675,18.90312918036125
22.48792854981018,21.26516297519594,20.143404828151713,19.22152982914489,18.94208583585243
22.562370479897027,21.32859567140383,20.208167049822222,19.273928036888137,18.982154411063394
22.629116572266565,21.391674193862066,20.26570321787647,19.331605241895137,19.029902049942702
22.70122307552475,21.45868363016224,20.317527065301412,19.385612969173152,19.06769590321433
22.778249352140477,21.53116741752183,20.368282463698677,19.435499302989612,19.0943101091489
22.852914443198387,21.599735001554716,20.424861575167853,19.483841599046997,19.13359631756196
22.922524260671903,21.66570456150994,20.483016645723033,19.530155550296143,19.183355092161683
22.9950114426248,21.734131846573757,20.529318608107438,19.576493407370727,19.222889389189795
23.073292887373395,21.80419329787295,20.562839405231728,19.622971678756727,19.25396737997124
23.144133190161373,21.868074468157424,20.601785782426767,19.668644643864422,19.28990365311924
23.2138193984243,21.93522764131314,20.649602989144157,19.712117673627617,19.33713748438067
23.29740246158064,21.99315201587349,20.681654691278506,19.756970624414215,19.381901571487063
23.373701369098157,22.04532401701131,20.73239055263882,19.80558004903709,19.422141070812167
23.442010076335293,22.102155302599286,20.785359523931987,19.854262707463366,19.452988677987513
23.503324348387025,22.173640454741346,20.82712161155763,19.90638785559215,19.47508864245306
23.574341568765924,22.24119992222575,20.859798081035684,19.953789542563563,19.503582497192774
23.64871722892795,22.303099018739196,20.914669891525854,19.99273517032823,19.545363428604045
23.727454103658964,22.361376601056993,20.959610314603896,20.031668824093686,19.58159906795121
23.79892197189821,22.411292686719374,20.99993090302607,20.07100547178478,19.617354055775902
23.882047566562193,22.46823565576271,21.034758035647897,20.111354740138765,19.648729094830365
23.964775204448326,22.543865069237462,21.07606403846992,20.154570363544025,19.68651563301956
24.05284545747695,22.60502395327007,21.11937323053145,20.197023272630275,19.722153539832917
24.107822707275723,22.656196197994625,21.179083331164076,20.237460038724763,19.75106706300649
24.17815821978487,22.713488917055052,21.219108227279257,20.278051183317217,19.780389697235115
24.241879478591976,22.786979885553897,21.2498003756754,20.32100077171028,19.821626560917956
24.306476064998588,22.856773594986457,21.285437902744242,20.3626113244134,19.859694575093197
24.37799336961441,22.917772328133598,21.34120035667415,20.404245859863437,19.889355385209416
24.453969705078542,22.976549797263907,21.363464685810648,20.445320483170253,19.923001368408055
24.51070330376067,23.0347600059159,21.414733598200122,20.484534274775427,19.968240854931658
24.583090897897808,23.092696010566172,21.462437370006054,20.521523511019453,20.01031911847265
24.661338470772414,23.15036260554117,21.49730919848579,20.553613986252216,20.041761741723192
24.748545378647307,23.201267461787594,21.533392692577358,20.58842072014881,20.07084590789428
24.825512995467058,23.267932512230093,21.581433657917046,20.63332816159774,20.09762921728246
24.914351516089766,23.329248059234402,21.611142440613055,20.677068319008576,20.127415157451313
24.985521278362185,23.37626204830098,21.690209600765677,20.715895144157667,20.166879075023864
25.06846121579273,23.421830924610642,21.713478325660816,20.752550311035762,20.19745883620057
25.103881456683247,23.48137254652564,21.74310809400693,20.78472779561161,20.229106374518487
25.17979067857916,23.53112511241059,21.765158436095476,20.816956194318557,20.26149899936128
25.258166817784236,23.595437490154417,21.820709719330704,20.859840999959687,20.297631013336805
25.354665858959383,23.647336765355,21.845735850874476,20.900064211027434,20.333852383714632
25.427554811206853,23.70939579744512,21.900167410820096,20.934734828426517,20.370525528118243
25.49841852218457,23.766406620379087,21.953396511992395,20.967538433003465,20.40625858305387
25.556681394284638,23.81883752713603,21.996755556968505,21.001295609531788,20.438210279682252
25.623334116374572,23.870439031754366,22.02963136133498,21.035377160387704,20.470897806387548
25.70666457152474,23.913196999063352,22.081067499974374,21.071897840328635,20.511400025644924
25.80999501114758,23.93949017118512,22.101428167604666,21.107700215875383,20.54350968880216
25.862075329898328,23.99647418835316,22.157848893270288,21.14660611828084,20.58385177025001
25.953162013828205,24.034745845008732,22.16641247092729,21.182290845827794,20.614462902206867
26.003684335909885,24.095338445597932,22.219936318375396,21.2166942182876,20.64211621576137
26.07756843567859,24.135551683129606,22.23754007865681,21.249454782298457,20.66293492983197
26.131026354741152,24.20593839163209,22.30809170588607,21.282698181701484,20.693538605657583
26.20914536357483,24.26015963707179,22.314251910237978,21.31593041688967,20.724013128838386
26.24684315747787,24.321466694818703,22.400929872384765,21.348868335380967,20.751430397794493
26.328753040904655,24.382143384159814,22.418858794654362,21.381044940456086,20.778815155194827
26.39269165885832,24.425389649891436,22.472020557961706,21.420771284973142,20.814044610981796
26.4761054883586,24.460799099637036,22.49859338305403,21.457593107257612,20.84905362865088
26.511528109506205,24.51031880925006,22.553816155296722,21.49195104520382,20.88369553267301
26.609365468013962,24.55009759670226,22.578784468608983,21.525089682292744,20.918337436695143
26.648211287369772,24.60905875401197,22.6096426517279,21.55887334894694,20.94784448405494
26.72853108298284,24.660900751415674,22.64017969591771,21.592665696162253,20.974247540007532
26.78321072394737,24.716505777557536,22.691793768668504,21.628917280976786,21.00297316767805
26.879529234593313,24.759566015270625,22.688908169356303,21.662842380585296,21.031775570682807
26.9386496075727,24.82366472673695,22.73493914170333,21.70141273407728,21.073574445301613
27.003140600917813,24.869225066344292,22.77781010748587,21.738618379232907,21.10915099239054
27.07468518718597,24.92417348037323,22.84310546047928,21.770491047202672,21.13896857211484
27.173973580786154,24.9693186628801,22.86071483491761,21.80175121267702,21.16041258410808
27.206016285892876,25.00956417934864,22.90007008044229,21.838266064231007,21.18879804228923
27.326979964036145,25.03971745127619,22.91614883083644,21.874780010272367,21.2178884667416
27.328245050913306,25.072853706735476,22.990668973968997,21.90936753507578,21.2496426599429
27.462765175457633,25.09618865493095,23.032079136637982,21.943360686640155,21.275991024710393
27.449887739779957,25.160797675012518,23.087600154761923,21.975348027809783,21.312093720494982
27.604890405695286,25.201303965320633,23.127173027158644,22.005926471641143,21.349634991238084
27.58459153711348,25.264014877543886,23.179422858064484,22.048390259048617,21.38958400849103
27.651241335940895,25.30450095503884,23.217712824564842,22.090708110127522,21.42897584026901
27.69642515400418,25.348362867561757,23.26697914756415,22.120680437876175,21.45198185556946
27.759809381946987,25.39370507052249,23.29723063300982,22.148427067090736,21.471420009872716
27.795300992568656,25.429774920234106,23.335950085213206,22.180736424316894,21.501252292509307
27.870284782297375,25.432225427894394,23.352895255193875,22.213452735749758,21.533306057924058
27.928270323364906,25.495907505292948,23.39648138310576,22.24841990575038,21.56838783909943
28.00786650966296,25.537202552418044,23.43822184755699,22.283498774978007,21.60277501009709
28.038598629211613,25.591830699656743,23.484383548748077,22.319106843688406,21.626913044442933
28.10069169617319,25.622989360726397,23.520825079559838,22.354819844920502,21.64703015237242
28.144085145281636,25.682387163165806,23.565498050532312,22.383942454076447,21.6825046421603
28.254978634696364,25.699483768586934,23.60072838394389,22.411055059710552,21.717904337724608
28.292857892674256,25.763051005323398,23.657178445670485,22.444508051800643,21.746357233603057
28.377538882941,25.798053238846208,23.692208578714805,22.480039574205215,21.7708748775917
28.401636774234873,25.853608634834234,23.737440913249245,22.512983097172917,21.80543599890081
28.48485942536075,25.883448930800476,23.761340721534886,22.544272858814693,21.837422033900364
28.510219768809755,25.927741186851144,23.79976988104032,22.578609229958783,21.867848852733037
28.58554466230587,25.955677108006256,23.82427695311334,22.61425014711823,21.898615182992124
28.67355042417008,26.00358733710845,23.873194398831167,22.649122698587604,21.93018672990484
28.76383449935172,26.050954241812967,23.91465325120035,22.682445953530717,21.95965232215584
28.79883934140626,26.09602839023277,23.97204132511854,22.71393146997073,21.985677798034214
