ps1__g,ps1__r,ps1__i,ps1__z,ps1__y
21.92917551307835,20.77219090015081,23.987401512221183,23.55745616539476,23.455984099857936
20.57464203024962,19.68396652117607,21.53441105862147,21.235200287313035,21.105802516130954
19.201745032997156,18.40455407335356,19.237697353541563,18.92115459372905,18.739318328245503
18.79275346230898,17.9170695290766,18.596108093052425,18.45861867704317,18.12940216381777
18.39734910284032,17.418468649659346,18.126681535275075,18.051557656512074,17.55827072650942
18.241134751669264,17.15953922543353,17.85452018712803,17.80934074193912,17.300182536276687
18.092544419250594,16.911916547693338,17.662509418840216,17.57855623902943,17.055581946341867
18.074767346351607,16.785641367639958,17.55305845801381,17.40096668527781,16.930356580043988
18.060774483687943,16.652668271170775,17.455671796630067,17.22822875220709,16.811144793854865
18.171153836101958,16.62288601016441,17.45123334781156,17.08298562856372,16.79064178488109
18.292484262544484,16.582272906188383,17.454907605129044,16.94085727962084,16.776966333969874
18.464713003743938,16.62183522561002,17.52010678554266,16.942594947764785,16.854492811641684
18.642511010198703,16.647939864574926,17.59601075517175,16.960066702016103,16.941111503981165
18.912655736919216,16.766541021472168,17.683105801198995,17.13685419953679,17.114775124704366
19.194984573102264,16.897703105366755,17.775507123949374,17.335139140299766,17.29993777098281
19.452005998937672,17.05949975305812,17.873994396343086,17.497471843283776,17.44386026113575
19.7050948765794,17.22605674156936,17.973340537379812,17.65445223750092,17.58088471576875
19.933144512992087,17.37478593389672,18.069539924053643,17.792522644972948,17.698747453645282
20.156691192752028,17.515956574141306,18.165173411051704,17.927424850666068,17.81269954691299
20.35750083858373,17.653034450337994,18.27604519381017,18.060212126957673,17.917560587151634
20.553641718176635,17.781252768404656,18.39004597048259,18.19255564971897,18.020347939340482
20.73503353625533,17.93859411306898,18.51023243797684,18.300878459343508,18.113870924112575
20.91300407619537,18.10310618126765,18.631853774310763,18.403629284564122,18.205035378868303
21.072981859243097,18.240173042924173,18.73992287996971,18.509747959402965,18.296286586294613
21.228285173741643,18.370109715717774,18.844471153527135,18.61674159227148,18.387574437897264
21.363080573280087,18.510658675076886,18.956277381150542,18.706649024588334,18.470211977012163
21.491950924376457,18.654273685377998,19.070180542056292,18.791639935287435,18.54999307792259
21.61610819893881,18.782654001186486,19.19161958638542,18.882718979274486,18.62616315016794
21.738760064837344,18.90616818742666,19.31546567505453,18.975935456041,18.700754621013516
21.87000838626671,19.037671715000624,19.422782899010986,19.063998811617523,18.779373459710456
22.001727473151067,19.171982576543137,19.52429212936312,19.15022849900994,18.858734138124117
22.127486810325006,19.30618150622834,19.632504645948163,19.23093681749307,18.927951213123976
22.24548214348126,19.44033734808768,19.7432975720504,19.309519701914997,18.99336658370526
22.3554656365868,19.56137738191184,19.839138197977228,19.392085261390633,19.065551541505783
22.46306830867102,19.66635971801557,19.928695591177885,19.47686670354414,19.140154353645215
22.57766975168095,19.783525793707284,20.03268527468772,19.55512527464582,19.215160681466486
22.69547196730593,19.90837902024105,20.14327532847463,19.630820257976247,19.29043715876454
22.802715091849556,20.031292639859416,20.23756419445745,19.70477065553992,19.366436884502747
22.90471625566054,20.139293079412482,20.32376049018908,19.77772996498348,19.442795660077152
22.995324188213743,20.239155583903703,20.403965878205966,19.84760008749131,19.508005046187186
23.079805932014377,20.318546627943533,20.48447687413514,19.91590086677599,19.567219358310798
23.175790681891606,20.39870102727705,20.566844737651625,19.98512793743587,19.629950209815973
23.27717885543357,20.479569136518773,20.649145515505545,20.055131134796866,19.694725254295307
23.37003491136055,20.574808794552627,20.727823419621956,20.12081904909922,19.763591315375123
23.458023846063984,20.676347920608794,20.81168034994833,20.18387112070585,19.835024313954204
23.544307091171994,20.762872165644403,20.899869419721572,20.252280013852065,19.90124004418901
23.626580789416487,20.830921913540223,20.987704467123468,20.32423583160851,19.96392691479259
23.707189266717272,20.900759392428675,21.06051185954465,20.391579305984116,20.027255717640408
23.781172132325658,20.95114291555891,21.12237405680589,20.455689344271025,20.09105206340838
23.85982619387063,21.012433342720186,21.185980920065802,20.51663395317422,20.15567643482348
23.94592587062298,21.06383494516342,21.250954932565463,20.575253071455204,20.220739394885435
24.02840512008809,21.119452234767095,21.32000989655765,20.631433267664626,20.281775780809262
24.108028373865206,21.188845841670375,21.392503263561444,20.685783087710583,20.3393601083649
24.18389512845102,21.247460709170888,21.46135922056599,20.74377459983604,20.394169531016708
24.25636033704908,21.2917694521936,21.526921467986497,20.80476179725398,20.446015522546638
24.32615515585113,21.338245606350824,21.58229169247123,20.864655050128995,20.500966168649484
24.39121655076463,21.38844453529113,21.632178855389686,20.923483977277673,20.558905593834673
24.45885740115665,21.435794132352427,21.685402138668714,20.976596356810695,20.613560949146702
24.530484820254205,21.476449910987924,21.741335978302068,21.023733314509848,20.665405838966535
24.601212167534552,21.53029910052833,21.799507669527223,21.07583697382924,20.722321903102817
24.67141065052863,21.602555000671952,21.856782200747887,21.13351901053501,20.784933683690845
24.735524935959212,21.651172612251294,21.90948086409966,21.187706461920378,20.844653169476167
24.793259985806046,21.67846826382828,21.960134443092816,21.23775034809597,20.90042034620202
24.862829869632407,21.721038355853345,22.01759611183989,21.288874762933517,20.950043223683057
24.946861480399463,21.77816490024555,22.082233599746296,21.341351924447,20.992149839266414
25.018938374954583,21.819648587954674,22.135641568214332,21.38852419037616,21.03562008721205
25.070268739915072,21.879609924114007,22.17253883372487,21.428776708422017,21.081426003034444
25.125210193878587,21.913406202680974,22.224545952709118,21.473274273335043,21.12676843828096
25.1979310099291,21.93538593007816,22.272240934964145,21.52339167527466,21.17133630565489
25.26839578347905,21.959691316408843,22.315211779800293,21.57381877685221,21.217396053322013
25.332586721166063,22.011803466600508,22.359976972680382,21.623230765478574,21.26649587973767
25.39387989213236,22.064003520154877,22.411458107514733,21.671372881711342,21.3152933779251
25.456069498184,22.120478457284754,22.45039623945883,21.71737343071203,21.36376051886274
25.517031786993016,22.16892107976654,22.491594117994673,21.760858631980447,21.41065656552355
25.582470378585562,22.19706382927269,22.52801883949196,21.79938389661678,21.455533403385168
25.64239212651729,22.23531263363538,22.569872225889036,21.838032317199794,21.49948046594585
25.701642770157388,22.308739755020675,22.6115452336552,21.876574081163675,21.542989628749517
25.76070820799686,22.338425529738586,22.65202189360056,21.918047067297167,21.584853002772658
25.839069654074603,22.34605006130223,22.682219181928083,21.96620039838191,21.622861814461867
25.90904941374103,22.36980801891849,22.726058953953647,22.011367589460058,21.66310428435336
25.977903869128777,22.43726729415842,22.77849111809722,22.048377323001866,21.709814035867673
26.044866484311793,22.50054428952197,22.826920974262315,22.085212760403856,21.754614210392255
26.104796193421077,22.556160768530507,22.860264878170778,22.119952760538943,21.79434812873125
26.16140603433159,22.60101373394746,22.910697064131583,22.152980969142245,21.83082142392036
26.222465151647093,22.634522390713357,22.93018676113179,22.181135213222454,21.857809046957236
26.277510068307222,22.67277553967581,22.953040057193594,22.21124911395986,21.887961586888668
26.33268295128267,22.728292652963628,22.987568985785938,22.246624004610233,21.92820557699642
26.387777628266573,22.75101521556939,23.02341101292904,22.283293930266858,21.96675444901812
26.46099364518247,22.792052600332816,23.05902431552432,22.32434348127621,21.99987047493432
26.525189655585372,22.827851100845592,23.10651855178325,22.364684212453348,22.035055892809
26.58202714865365,22.866091588785263,23.12327592982106,22.402363019149394,22.078207331593724
26.632478748381516,22.896079073420974,23.17241162004694,22.44007019117789,22.119247386742998
26.69828107946605,22.95851659352348,23.203259675633454,22.475552563538926,22.15479132862706
26.749398624133605,22.985930716768284,23.239282014740766,22.509932369679674,22.190323032097425
26.814722476210534,23.05331645939701,23.255643654508148,22.534029753798094,22.225793314256755
26.872654836634535,23.07646617695113,23.29256114378755,22.559873391004903,22.259184135580334
26.944057216062454,23.12146561424832,23.316967945269816,22.59130387960893,22.280618554469715
27.013184551172408,23.151333113310884,23.343014947349864,22.62313763807082,22.30388320373961
27.066722290816656,23.17882949160363,23.381186688855117,22.651537406722117,22.339603889181006
27.120413925983044,23.210547604613083,23.425961025056836,22.680516137364627,22.374556637959273
27.197045361318608,23.267860503994555,23.458235826137003,22.71412551253549,22.40363327060033
27.262464551548376,23.26501677076009,23.50882565906374,22.747665048597653,22.432216981675538
27.326790589944387,23.32410867703742,23.521978959510406,22.77597210715484,22.46454598969835
27.374123326961538,23.32024047624065,23.56543834476215,22.80583387333593,22.495897573875663
27.44028395395647,23.397152407577195,23.577592559470958,22.837294342542727,22.52638517362268
27.49575861752247,23.40343909821672,23.613298288641726,22.8687824457312,22.556082742544078
27.55285439415676,23.486371691817354,23.625543950519816,22.888434297478035,22.584506262906764
27.598796375893656,23.514566635599472,23.67883968334559,22.90841146397371,22.612808407705742
27.65407046545846,23.56730457566013,23.680319844124796,22.936085676545062,22.638243320476718
27.690124956228523,23.619433707371844,23.72585290308899,22.964287284984344,22.66395925688817
27.740144153242763,23.67827121346231,23.757700738305346,22.99678578475168,22.702662626560866
27.781698351367044,23.710366210336574,23.806407668133424,23.03058043364675,22.74125635513781
27.857547113758972,23.749402962984465,23.815998942852445,23.059218365578904,22.761281473174254
27.90606358110189,23.755442341735147,23.844886848686436,23.088413018012112,22.781306591210694
27.982404094905615,23.835213777159748,23.87436111202017,23.110885532484723,22.80399458608418
28.04060914802838,23.890985902880168,23.904098184266864,23.133268268632776,22.82642826261295
28.117694451206116,23.939311216596273,23.93285865067198,23.160017849937134,22.860929233510138
28.17679118305517,23.94449270682754,23.996779867723372,23.188005934013688,22.895817848707587
28.21887134924999,24.016660319501142,24.02439665946403,23.211255572868218,22.91455791226726
28.256882094610408,24.02580839588223,24.053765686774618,23.234993344718422,22.931807012615295
28.303033594907255,24.084387663619665,24.06136681977674,23.26407077292658,22.961733349956244
28.337841742814632,24.11102388539939,24.09884674352738,23.293636358521304,22.991809486381975
28.39702960340645,24.160996683962978,24.130749141682124,23.31933877589973,23.019683328302754
28.416807484155783,24.180487171666332,24.178266916422512,23.34490578049385,23.04735865549162
28.501494198042202,24.2037325634609,24.18638103408901,23.37351001885202,23.076773933722016
28.529258433332174,24.1930481691848,24.215369021822305,23.4026329606589,23.105843262575796
28.622786809115563,24.281201100063733,24.234797754664434,23.428727158421765,23.13234093711744
28.642965235389724,24.28207732267827,24.26432158319988,23.454922827909893,23.158494805825313
28.730240710061032,24.37516970027852,24.291925100495355,23.483633390103137,23.18779609667218
28.77788291030008,24.395712760200063,24.329425200557413,23.513689481818894,23.217514003838296
28.833544782041116,24.45187413940548,24.343984756226735,23.538019672598416,23.24882835182496
28.880980029433715,24.517541307755522,24.36771180099806,23.56125576017797,23.28038909842678
28.940775769485207,24.57135844183494,24.392119118495827,23.587629522539622,23.30690671894333
28.983308186522148,24.515426685906974,24.431700397334005,23.61492162308091,23.33236002587215
29.03578656648623,24.609544567788568,24.45677532102303,23.640858901697822,23.355370104404717
29.07939782949283,24.614149565529523,24.483619951307602,23.66666720253423,23.377662484232907
29.13290472240599,24.687020880373773,24.514802221493504,23.6929851896238,23.404954000875286
29.16961261469664,24.68654587230377,24.554091704011118,23.71945550017627,23.433454719281045
29.219822334553598,24.797649443376045,24.58266438790422,23.745485351237235,23.462996467547633
29.242045192551583,24.770168715462855,24.6156418471731,23.771412065762476,23.492405139621752
29.312428655398527,24.86733104307542,24.636024313918526,23.80489048730832,23.51984187609696
29.36760643308451,24.85701884570645,24.67037555640463,23.840833623059375,23.546475208018816
29.433323861030075,24.947444029415664,24.699167924015967,23.87025103388219,23.571185468347334
29.467407271770156,24.961932662135467,24.741906928858086,23.897655697314654,23.594614785480687
29.53537610649431,25.02276805775409,24.769941098647585,23.929366143778225,23.626122219089083
29.584824187906904,25.027170757233407,24.804717489000147,23.96272018673077,23.660895844576977
29.619994583864653,25.111201880512507,24.82929486807303,23.990281391066738,23.691419710561355
29.650426543554524,25.19852278856371,24.860931941209067,24.015915836514203,23.719887375860328
29.71492034310461,25.254718554915318,24.875768036028504,24.03975678456966,23.743751215833655
