 F
       34422       87728           3        2048
   -0.142496980299417999E+03   -0.130570441008753619E+03
 T
   2
    0.200000000000000000E+01    0.300000000000000000E+01    0.621582031250000000E+00    0.378417968750000000E+00
   0
   0
 T T     0           0
    0.000000000000000000E+00   -0.100000000000000002+101    0.000000000000000000E+00
 T F     1        1273
    0.667716236516065177E-07   -0.142897847918928932E+03   -0.130422253656610167E+03
 T F     1         775
    0.766199924262012286E-07   -0.143604851466037729E+03   -0.130870950973148808E+03
