 F
       49049      151183           3        2048
   -0.783281397055035313E+02   -0.603351714034263082E+02
 T
   2
    0.200000000000000000E+01    0.300000000000000000E+01    0.910644531250000000E+00    0.893554687500000000E-01
   0
   0
 T T     0           0
    0.000000000000000000E+00   -0.100000000000000002+101    0.000000000000000000E+00
 T F     1        1865
    0.102571488928338036E-09   -0.784267882198327300E+02   -0.603504253123553198E+02
 T F     1         183
    0.633375858013225731E-11   -0.806932506217995069E+02   -0.601880441038264706E+02
