 F
       37573       77160           3        2048
   -0.191136347140269663E+03   -0.177104500181843093E+03
 T
   2
    0.200000000000000000E+01    0.300000000000000000E+01    0.941406250000000000E+00    0.585937500000000000E-01
   0
   0
 T T     0           0
    0.000000000000000000E+00   -0.100000000000000002+101    0.000000000000000000E+00
 T F     1        1928
    0.242816897998460740E-07   -0.191136348647436904E+03   -0.177104480644612124E+03
 T F     1         120
    0.134183123111064847E-07   -0.204541626201108727E+03   -0.190067303045825128E+03
