 F
       19442       36110           3        2048
   -0.101058263665633433E+03   -0.954971225212043606E+02
 T
   2
    0.200000000000000000E+01    0.300000000000000000E+01    0.555175781250000000E+00    0.444824218750000000E+00
   0
   0
 T T     0           0
    0.000000000000000000E+00   -0.100000000000000002+101    0.000000000000000000E+00
 T F     1        1137
    0.105581471602735668E-03   -0.101632108845495253E+03   -0.954783890269495430E+02
 T F     1         911
    0.100214638568724699E-03   -0.101886898590266242E+03   -0.955212922942086635E+02
