 F
       24169       51061           3        2048
   -0.164356877495528266E+03   -0.156780678663462965E+03
 T
   2
    0.200000000000000000E+01    0.300000000000000000E+01    0.705078125000000000E+00    0.294921875000000000E+00
   0
   0
 T T     0           0
    0.000000000000000000E+00   -0.100000000000000002+101    0.000000000000000000E+00
 T F     1        1444
    0.129388866852874667E-04   -0.164681912277006489E+03   -0.156740877364858619E+03
 T F     1         604
    0.774056869928262791E-05   -0.165638819854002492E+03   -0.156884306617016250E+03
