 F
       37601       89088           3        2048
   -0.178076221048891711E+03   -0.160953374761617169E+03
 T
   2
    0.200000000000000000E+01    0.300000000000000000E+01    0.862792968750000000E+00    0.137207031250000000E+00
   0
   0
 T T     0           0
    0.000000000000000000E+00   -0.100000000000000002+101    0.000000000000000000E+00
 T F     1        1767
    0.309850503681437050E-07   -0.183083709364126634E+03   -0.169217453912957183E+03
 T F     1         281
    0.101552980640200183E-08   -0.178082931191197787E+03   -0.160897735148390126E+03
