 F
       27969       71566           3        2048
   -0.116350874124065982E+03   -0.107632468873359429E+03
 T
   2
    0.200000000000000000E+01    0.300000000000000000E+01    0.878906250000000000E-02    0.991210937500000000E+00
   0
   0
 T T     0           0
    0.000000000000000000E+00   -0.100000000000000002+101    0.000000000000000000E+00
 T F     1          18
    0.119775881374006278E-06   -0.121467005327883015E+03   -0.108349598628243882E+03
 T F     1        2030
    0.312065466329137130E-05   -0.116356891379179572E+03   -0.107628140711946457E+03
