 F
       19127       36356           3        2048
   -0.856736477776829446E+02   -0.803778315816495450E+02
 T
   2
    0.200000000000000000E+01    0.300000000000000000E+01    0.467285156250000000E+00    0.532714843750000000E+00
   0
   0
 T T     0           0
    0.000000000000000000E+00   -0.100000000000000002+101    0.000000000000000000E+00
 T F     1         957
    0.118833659371473849E-03   -0.864458401793375089E+02   -0.803933078479304726E+02
 T F     1        1091
    0.120722728090724973E-03   -0.862935427672232009E+02   -0.803645416034716504E+02
