 F
       41576      121557           3        2048
   -0.121419401396901819E+03   -0.106834278074600505E+03
 T
   2
    0.200000000000000000E+01    0.300000000000000000E+01    0.869140625000000000E+00    0.130859375000000000E+00
   0
   0
 T T     0           0
    0.000000000000000000E+00   -0.100000000000000002+101    0.000000000000000000E+00
 T F     1        1780
    0.342168079730235843E-08   -0.121553972796648438E+03   -0.106821039646269853E+03
 T F     1         268
    0.772879758917275574E-09   -0.123491593017370761E+03   -0.106926182028911128E+03
