2massj,2massh,2massks
14.045472349170932,26.755063944614825,59.212148612805976
16.020722223235982,23.78765259988082,44.69212674801417
16.555702572930638,20.817920105912677,30.786415078459328
16.492362528450467,19.94050385954092,28.352261112808492
15.738086418287033,18.50593962105834,26.884326803008932
15.379298671178411,17.976132031205022,25.001063260293748
14.341679209794602,17.475792068512085,23.19933364155013
14.247807698975993,17.406523386773276,22.319714976354337
13.932997925164106,17.359938367289576,21.60297576264281
13.522920325012311,17.257499194927693,20.08560854809982
13.106425533409048,17.14862540714652,18.828920515911772
13.125294203838209,17.1225756680386,18.037152000448415
12.858791977713267,17.102475149432383,17.461142524762003
13.431634669371505,17.074977334126054,17.084182932407607
13.831042375875281,17.042794674080078,16.897710191188295
13.992506902678937,16.9871095878029,16.84749083507809
14.07705687996394,16.927856270801264,16.8773692283104
14.409511037180792,16.854956946292408,16.835031648126996
14.787944767527048,16.77338892877299,16.86894858116601
14.924941826063762,16.731428734878136,16.795408772396915
15.012362876326563,16.692738421509677,16.761372812035997
15.191004083606344,16.674791075389113,16.78839040061896
15.390805249348983,16.65703625411577,16.8967231191002
15.453264919604987,16.652447966727877,16.870844665148855
15.480043648636045,16.651591719588204,16.914390657774394
15.559802070484622,16.666491694558903,16.922297343589072
15.654867131111466,16.685943881660844,16.95509295547591
15.742892295138756,16.721888872651316,16.939243827039533
15.828668838491865,16.762398822072317,16.959425842549706
15.936425385520451,16.794892130816276,16.947686368902854
16.051905374115623,16.824398512184494,16.97264050820742
16.036767562409302,16.876087988536447,16.92235747912796
15.97134882828648,16.935577540375235,16.925300548410746
16.097328887439755,16.973765648438235,16.933818682900732
16.232612226737334,17.001244647490154,16.934320569364566
16.29449070442236,17.02804854160583,16.938100485218857
16.337063536814302,17.054922519397113,17.013168767090242
16.3560980028915,17.07936393597506,17.016828874181726
16.356833692036567,17.099438280500344,16.974266105167086
16.434578015383256,17.1134044689097,16.995118719978198
16.527260554273553,17.122841284525173,17.05421884800755
16.581957929187578,17.14626886739089,17.02567058486391
16.60251375963847,17.178211500873097,17.02375361878663
16.639466895439934,17.198955462572727,17.03448591463916
16.6510364947562,17.21207154169607,17.023034700805663
16.69655812529608,17.23170719819793,17.018434455316864
16.721841623265007,17.25537229419303,17.01846807261432
16.74399815689652,17.282775042379097,17.002810797862864
16.795818415948787,17.311849144607695,17.025720589069778
16.858189272746664,17.327634512079584,17.06177990872468
16.92882775308841,17.333621637939615,17.126964860806922
16.992448779924313,17.354281432942734,17.16010922452755
17.04159051861688,17.387452964499374,17.133105646330513
17.09878739100428,17.415084442747883,17.16687150978577
17.149356918975748,17.43769934967757,17.25566468454975
17.168307960054396,17.458327465605386,17.322875789725593
17.16341107131665,17.47702258338461,17.36908916513653
17.172137231968,17.500349151241537,17.394820244352374
17.20773877357341,17.52782924792249,17.406496789279213
17.26242167121432,17.54821531013087,17.427799867108238
17.320924086081714,17.560808535745657,17.46319408928473
17.371922858133228,17.577717172463124,17.505108752131186
17.4314907814079,17.600765787044622,17.543272698539905
17.493133901072433,17.62356913861167,17.602907684356893
17.562213286531126,17.64542246692274,17.681367048442507
17.581244223874485,17.66783103719498,17.73576705759197
17.543226546778598,17.691598271253312,17.75655781246666
17.533659926476005,17.71354693418616,17.78498907195047
17.56690031285556,17.734079037764744,17.825187988652342
17.635398427330067,17.756314189633663,17.867800885968258
17.752879724184904,17.781312302506162,17.913641112552185
17.82650496106065,17.806523658040504,17.95756436108696
17.839746257795102,17.831723327657976,17.998129516945056
17.84957740074897,17.85454692524991,18.030795026132843
17.87993922143398,17.873516566314994,18.054353921437226
17.920375138367966,17.894856080331476,18.0938328045302
17.981493925198784,17.923820376412586,18.14227454636149
18.024556633012764,17.95188345960766,18.186886764910387
18.02735595362166,17.977803244784823,18.222959500519174
18.030907649810466,18.007146835802914,18.27130599446824
18.036286478258,18.045434551318458,18.349459117444468
18.07564094962389,18.078200532903548,18.405338126502393
18.199292252639005,18.097163088586704,18.402122179963456
18.305999157052938,18.11633705621745,18.41846761541226
18.406652214175956,18.136126054881117,18.49172022714309
18.466875561226814,18.15481277450074,18.555597085841853
18.436296332233674,18.169967957257718,18.58943543693513
18.430658572351398,18.189057049154687,18.623807500910672
18.513478071759728,18.222098118750928,18.660072427676447
18.560151787478603,18.25449132433112,18.696346068219455
18.46404290061934,18.28432534593783,18.732654129811458
18.408164414101954,18.315055654447868,18.766682790148685
18.53060366425041,18.349758676394664,18.79060820345751
18.64480858271668,18.381658838369745,18.81359749866177
18.71768760227102,18.39949219901522,18.833859478624426
18.78159142278296,18.420567476564496,18.867814505732184
18.79391544719928,18.46027380753854,18.921477211618384
18.81818883781871,18.498084793686914,18.978136066498656
18.922231141893857,18.523243259626454,18.982750164837647
19.015979825718603,18.548498191630376,18.989827702261536
19.02840198972723,18.574515270391785,19.01636806449152
19.03877544441081,18.601276061016137,19.04251606495073
19.029499491766817,18.635169877858814,19.06490087843187
19.020264379371586,18.668549995855013,19.08617939804721
19.011522380688827,18.695727606448223,19.094100293950422
19.008141471480222,18.722756037852356,19.10554386928259
19.090957263964384,18.74738593550294,19.173625810633638
19.17072890947513,18.772197333977388,19.23663131460315
19.178606056416008,18.801295289847275,19.17974513027609
19.18836238945097,18.830289661527356,19.125039150910006
19.27831780134052,18.854822336732877,19.164241448536124
19.314668966185884,18.879385779170875,19.20340661421814
19.31345047355608,18.91038588975912,19.234803580336532
19.312231980926278,18.94109082150399,19.266200546454918
19.362225679385997,18.968976134189795,19.27302637808878
19.3599344201248,18.996533955713126,19.279524161804638
19.423223407401004,19.021512615029604,19.295113861774908
19.421252477738065,19.046408678265628,19.31099546757867
19.462569197915215,19.076506061652594,19.30095399339347
19.440118526069345,19.106871669604935,19.334851622840645
19.4604889845483,19.13366611699373,19.334822603858868
19.48422546643159,19.16020422954017,19.33215823995383
19.52424972528153,19.191558951754676,19.359805576820037
19.565785193828756,19.220316425426567,19.39026528864942
19.567344035518573,19.243130952583535,19.37186409058881
19.564320592148043,19.263106379154998,19.347862254479804
19.647602171868684,19.28395822872886,19.348256212339127
19.65194918527865,19.304968396430844,19.352001111767244
19.667401407516618,19.32888330839599,19.377749179631962
19.686821527731535,19.353265992265342,19.40704057629453
19.731679656215178,19.37157178548501,19.425626447787543
19.781262234995225,19.388748953871797,19.45152364928429
19.810114716386416,19.411935982089624,19.423704427317833
19.823117001014516,19.435990625547948,19.41427764154846
19.863409670712063,19.458103882358323,19.427117655741874
19.910822445911517,19.47938144092088,19.443650536621448
19.973918568761558,19.495581894590547,19.434344197425126
20.008307137709703,19.510070109163053,19.41815137687165
20.01878258222463,19.53226877334285,19.43946412863037
20.024916564936238,19.554143836633223,19.47187648927256
20.031853906536295,19.575171983636906,19.442339010010272
20.000206840528925,19.59471984666871,19.41642099683957
20.040837058209476,19.60951479611125,19.4375762405652
20.112204735515014,19.621706830344884,19.495987700356316
20.144123789878464,19.636573487929343,19.47885713438341
20.160536881875892,19.652440479701223,19.428592627466365
20.17752867220112,19.662526069758346,19.422905217011117
20.190610032566422,19.67016983283338,19.436330635814357
20.19434085592013,19.68399078416104,19.43511617532539
