 F
       29506       60906           3        2048
   -0.661713622597404623E+02   -0.557565266638924513E+02
 T
   2
    0.200000000000000000E+01    0.300000000000000000E+01    0.992675781250000000E+00    0.732421875000000000E-02
   0
   0
 T T     0           0
    0.000000000000000000E+00   -0.100000000000000002+101    0.000000000000000000E+00
 T F     1        2033
    0.148670935575581559E-05   -0.661713622597404623E+02   -0.557565266638924513E+02
 T F     1          15
    0.227545120622793060E-07   -0.134995273161371699E+03   -0.120648354656449243E+03
