 F
       25010       46707           3        2048
   -0.501902747485725698E+02   -0.431562915166457088E+02
 T
   2
    0.200000000000000000E+01    0.300000000000000000E+01    0.737304687500000000E-01    0.926269531250000000E+00
   0
   0
 T T     0           0
    0.000000000000000000E+00   -0.100000000000000002+101    0.000000000000000000E+00
 T F     1         151
    0.359454864908232126E-05   -0.541182202701367245E+02   -0.455311033022362466E+02
 T F     1        1897
    0.113126544800627196E-04   -0.502101551318624217E+02   -0.431086069246447252E+02
