 F
       29394       59237           3        2048
   -0.191214405578217111E+03   -0.180625968225277688E+03
 T
   2
    0.200000000000000000E+01    0.300000000000000000E+01    0.933105468750000000E+00    0.668945312500000000E-01
   0
   0
 T T     0           0
    0.000000000000000000E+00   -0.100000000000000002+101    0.000000000000000000E+00
 T F     1        1911
    0.133123916828858587E-05   -0.191214428828701301E+03   -0.180625742801325742E+03
 T F     1         137
    0.483923850140892653E-06   -0.201883601842972070E+03   -0.190321314886055035E+03
