 F
       37367       96772           3        2048
   -0.129538316328728683E+03   -0.116657842918147594E+03
 T
   2
    0.200000000000000000E+01    0.300000000000000000E+01    0.167968750000000000E+00    0.832031250000000000E+00
   0
   0
 T T     0           0
    0.000000000000000000E+00   -0.100000000000000002+101    0.000000000000000000E+00
 T F     1         344
    0.595094184416531311E-08   -0.131332041639211354E+03   -0.116678772247170045E+03
 T F     1        1704
    0.264910447757663938E-07   -0.129720245180590467E+03   -0.116653666913267983E+03
