2massj,2massh,2massks
13.115954168419172,20.0398781559746,30.75205543823716
15.599493657536694,18.86182535073985,28.29049528140698
16.84684794039971,17.67546924824685,25.73252158370357
16.98017576322931,18.495645252663703,24.648870301478233
16.503873605096047,17.171344107574335,23.504094921139444
16.352456676554908,16.93301036920797,22.536303457284816
15.617714094464514,16.699152988233667,21.560962871489362
15.594623011921868,16.80135537568778,21.013867181780864
15.375312974670205,16.903942599363162,20.479577516296246
15.134111419845333,16.936453804442447,19.839322040416697
14.892657904302865,16.95733417975064,19.137822599339138
14.848161142331286,17.016696070827965,18.43125040256768
14.539393972548574,17.069131435018264,17.698244662740898
14.810779068185084,16.97034701609863,17.40113785797692
14.91479915223734,16.838343403620424,17.13576863156473
14.91168358699655,16.76189010274203,16.979562678659065
14.857639293560744,16.694368741346953,16.831071663027572
15.050465088933148,16.633494429594233,16.751795996607907
15.288886469493413,16.5515842312314,16.670961635550718
15.349997438759612,16.51984209691779,16.592036453234723
15.374699927278112,16.48100492407858,16.503840326669824
15.487618166451558,16.47233571080502,16.4859625500106
15.620999444504452,16.454140701279176,16.473856863271937
15.654040372927561,16.448026702453134,16.48248694456384
15.661013155631526,16.446165307686048,16.480135884949075
15.724105772104298,16.463975682230586,16.476098535173602
15.803412261820046,16.487469530026274,16.46605174061627
15.867121472240875,16.518618875123934,16.485680330376642
15.925848739505643,16.5496985840336,16.506694045734154
16.019250625125665,16.581032900747687,16.513601479874044
16.12483664832203,16.61184854981115,16.50803284206557
16.11738378898782,16.659334458043745,16.52342677756359
16.066416957825496,16.710593099486797,16.533991046612428
16.18212734760934,16.749818717742304,16.561058177665902
16.306831021877912,16.777699598160147,16.596685918965406
16.364544486165457,16.806611067624623,16.610752289875407
16.403864628441923,16.837349030547365,16.604004783809007
16.42799615265287,16.872727284051592,16.620011340560428
16.43891116040233,16.899107069103916,16.649004710103977
16.514911319394205,16.927633499011346,16.672097639202214
16.603189102068416,16.952860561792935,16.691366739986336
16.656961999222705,16.982936510850447,16.720555971762117
16.680325417521374,17.017198031873832,16.743335667027228
16.717666214721994,17.04312169884384,16.77016038116768
16.73315977154416,17.061663099508237,16.804250444871318
16.780904282548196,17.083717162685197,16.83887944673019
16.813381841956655,17.106786783226752,16.873872975957454
16.8373039009782,17.13969459074036,16.910507486613163
16.882409854734394,17.176008539145183,16.940490617817332
16.93705548859535,17.20361661891137,16.974973163574788
16.999176574154575,17.226602748130677,17.010027574579947
17.05666971760636,17.257837886586252,17.038427631968858
17.102910749710226,17.296557263424003,17.066424168480243
17.159768571560154,17.328877152006896,17.093569645168053
17.214291289570504,17.35540224269726,17.11994447903636
17.235754491213484,17.38269061726441,17.156083780933894
17.230987977140735,17.410721609610327,17.201723175495786
17.24032029164438,17.442841511554875,17.242855959393445
17.275234890688893,17.476775579501297,17.27812366478627
17.326537636930716,17.507625370654978,17.312253454472266
17.381130579035677,17.535636576816692,17.344590553806224
17.42890561474907,17.564961818345996,17.37980931785882
17.48357982580749,17.59920181581847,17.420330844591994
17.538523908496202,17.63072124525521,17.458103094555078
17.597888688985403,17.656449460855164,17.493726458320573
17.617690660248932,17.682831178240715,17.53019484759164
17.59326868966004,17.71221142504625,17.567843679030034
17.590791259698257,17.737091508995384,17.6034261999744
17.621331235876653,17.759921360328825,17.63585711326138
17.684155084699757,17.78352703737044,17.67125072283292
17.792301871514674,17.808391384638522,17.711559037741665
17.861744947362663,17.836483485329513,17.74747840999673
17.877500039861918,17.86885176518365,17.775709391562994
17.89020154457583,17.89991653548604,17.80612190291567
17.920284608827167,17.930828822530056,17.839747827151268
17.959204408489096,17.956451431618376,17.87226274510052
18.01626668409058,17.981084447600402,17.906219767623092
18.058874368995138,18.008884570290007,17.939789858999518
18.069249652746674,18.04326885557275,17.972497129685785
18.07902669822029,18.0745322112706,18.00521905690534
18.087350931448007,18.100468186212282,18.037976577285395
18.126835985133564,18.12624777789039,18.073350275042245
18.243977900098592,18.154639398376272,18.115664894735758
18.343361949343336,18.18109979964428,18.153972928831244
18.428198578886317,18.201941976569046,18.180625167182917
18.480039012516407,18.221966932339654,18.20732250222322
18.459405006110913,18.239373634006235,18.234164320295406
18.46164485906597,18.259275577584365,18.261405111953895
18.545008999425264,18.288027130613393,18.29006090085318
18.59599372261168,18.316935599174247,18.317372835209845
18.51907369503585,18.346463913419193,18.33937629290625
18.47721022654513,18.37625887813016,18.36319449571405
18.5907318951206,18.40723574774828,18.395056397767682
18.69609623848917,18.434665567167027,18.4272146069355
18.760521157760763,18.44429369439839,18.460550591119187
18.81813528368884,18.458616899869604,18.49179061830564
18.836608290824078,18.49992236803165,18.520242835951766
18.86519939474722,18.539612921562263,18.546722809692625
18.961334632249653,18.568522988221538,18.571344215959815
19.048834306019227,18.596325981688217,18.59611109735333
19.06810722108198,18.61538235270863,18.6220273300398
19.085637280030262,18.635857359980932,18.64752926510947
19.086451405054706,18.66993867109651,18.669057623972925
19.08690193057084,18.702669606202434,18.690705680665626
19.08296227951265,18.719095818698637,18.713798994004605
19.083880204023444,18.7361962813117,18.737005217964995
19.162899229866092,18.764137476292632,18.7620268421717
19.239152051303776,18.791929034424154,18.787329604478174
19.250074624112713,18.816186575850942,18.81927208651175
19.26259896688329,18.84046940181502,18.85086252156651
19.343478538697,18.865841312234178,18.86728918725459
19.378371446310798,18.891235705049276,18.883751192189933
19.385606300549227,18.921333534288273,18.907606355007424
19.392841154787654,18.950375439313312,18.931461517824914
19.439173286069845,18.96508608808286,18.95124281311678
19.440564308380964,18.978568551564184,18.9709697184186
19.504697626597356,19.00711240528488,18.991144311346105
19.513025507878773,19.036140575071073,19.011333277770447
19.554113656614597,19.0583068388147,19.03304218709326
19.540243599322743,19.08011924397772,19.047723602270924
19.564033567417184,19.102901571736954,19.06789896679932
19.590777672283878,19.12575351970827,19.088500090211816
19.630080917825623,19.161120568962524,19.107537696238833
19.670549423379008,19.186759178206717,19.12643023626699
19.674974181589633,19.210627998647688,19.144418457507236
19.67526745753296,19.226574657834515,19.162303022016097
19.75278582284865,19.250877897997714,19.18610774155239
19.762987137129695,19.276464678349214,19.210725637884686
19.780923380907698,19.296018217332232,19.22511034656945
19.801975943435416,19.314600179974008,19.237847131293186
19.847536934336556,19.3320763017943,19.254853301513602
19.89764973017738,19.34934704236219,19.271192863571233
19.92489908103319,19.372689851095046,19.290963770775598
19.937471801795787,19.395873848417224,19.306790802587894
19.97317978194919,19.419965513018433,19.31904203767806
20.01493027534054,19.44293961465371,19.33069435620169
20.073399019402668,19.45829509403397,19.348535112697228
20.108096121366717,19.47033543542048,19.368025166756638
20.11867743342487,19.494057478427514,19.382889355282103
20.12446968581464,19.511916273964506,19.396384539283474
20.13597249685664,19.533689444938133,19.413951935748905
20.11599902931106,19.552436443141275,19.42910478435784
20.155928555549558,19.572921731031748,19.440164416788207
20.221474200662897,19.590825808354325,19.446560027520015
20.253356672373542,19.60825472970521,19.46180356637862
20.272007252551,19.625314541447374,19.48106496283821
20.289072548254424,19.63590388912469,19.497200214093127
20.301888848411025,19.643851327864212,19.511995102599524
20.309298370175632,19.657575486012647,19.5236246180964
