ps1__g,ps1__r,ps1__i,ps1__z,ps1__y
21.583131134810614,21.8003479211907,15.532790946676904,22.861070540478146,22.948049240840028
20.456348599533232,20.49946775656825,16.490089001495466,21.131109282593876,21.68118873073256
19.219692743305572,19.195393050174268,16.558771277003878,19.332515841212167,20.105574296561798
18.8537954543147,18.879100090906313,16.24212650046057,18.832613285756665,19.441943724811345
18.433844232141354,18.589559866955206,15.196031915270726,18.332701317044044,18.618483337808883
18.37889611875983,18.529462226793427,15.194027247802257,18.107263509769616,18.21020202618234
18.319525742324327,18.480134412562464,14.837923247132256,17.86381619001385,17.798584789373656
18.348796220917297,18.440021600810702,14.734274552501418,17.810097413120978,17.522162580801385
18.354230998337037,18.400278187364748,14.610369302775275,17.75830569422333,17.21728515868697
18.39736180995485,18.374146991587807,14.57465240126233,17.60277772741124,17.038463779971405
18.444004025912196,18.348878338551753,14.54693906657457,17.432281347660506,16.835917200361113
18.461637327427983,18.298471633020412,14.69853288699911,17.149648044289513,16.637361951747934
18.47609648968071,18.244942889806232,14.84715658105035,16.854808758676974,16.422443660234407
18.432179380585907,18.137629457089695,14.923743789798127,16.73661212798065,16.265754457377657
18.38056018008963,18.023225706441306,14.969050050934722,16.637729680197772,16.117021174098493
18.340841866130894,17.928232490833743,15.009291319517843,16.59491871323948,16.093267388124296
18.30297284489763,17.836255501045592,15.049239286857254,16.558861721211855,16.07966031029113
18.300316728976874,17.797620233869644,15.139691239388313,16.543115843927847,16.066203233915846
18.303993160627705,17.768505002992526,15.2392256259288,16.529079123697866,16.043972620813093
18.349989579996105,17.78298694164325,15.3170123711865,16.560151848970715,16.083496914483963
18.404675880837413,17.806287023795893,15.390333509641007,16.600566476160775,16.13178232490905
18.486967290444557,17.861680823564342,15.497690803570563,16.640407788443124,16.163483211246124
18.575662141724564,17.92452620598181,15.612943322192102,16.680116111263157,16.18736909395155
18.663132691784575,17.995246669451,15.751772263848757,16.735992398546802,16.2548229101025
18.75028517176885,18.06801305722845,15.896726295097821,16.796069078346267,16.333862708990207
18.84740815362504,18.14262393040082,16.05161756674151,16.865718257845902,16.407257890013
18.947411765067297,18.217767703448043,16.209379858224764,16.937966379101567,16.47225667356677
19.035017456894863,18.296625947374082,16.27091978320871,17.02345004070054,16.554676484738657
19.118663116359997,18.37667063429592,16.3017252223136,17.11154945624103,16.634607949350155
19.213679792803894,18.454023897113778,16.431004944952402,17.16181475548753,16.71353913802222
19.29743541267527,18.53043143412081,16.59488704463876,17.19897747486749,16.779366947676404
19.376589969663648,18.607244217407754,16.70114816425582,17.25852488595483,16.839323546307003
19.421246133993336,18.684212999009723,16.785228263967934,17.326689215597362,16.89897159624364
19.47036467916677,18.74856124823758,16.89224755024205,17.3857073385422,16.96607697648433
19.527257288804236,18.807429901388446,17.008906306432312,17.43634884753552,17.028231957438123
19.574543084924578,18.851602021640254,17.047262057606737,17.476205373309273,17.090464703286557
19.617435363104427,18.889088265910964,17.049807219065997,17.507622464682782,17.15435434205554
19.684004960540918,18.944260397568442,17.157261557796044,17.560056380722614,17.220920266949257
19.76232893880823,19.007979426663525,17.316797063693862,17.62396886692497,17.288814808735008
19.808658380960416,19.07076778255915,17.452422680926517,17.665034220110883,17.34068640532901
19.837784225392365,19.13278677083163,17.555137052835097,17.693047801641143,17.383942396358968
19.88713347627168,19.17593311535134,17.647773201703366,17.73122016164792,17.42913809055286
19.94056006218276,19.20811314921832,17.741069976694014,17.773311158228147,17.475461349989004
19.998933975431584,19.250887767176316,17.847482457420284,17.807425099560383,17.510547792350987
20.06332247268992,19.30026461654073,17.919749885907372,17.835933472566268,17.538583613819235
20.114810725258963,19.3338555030587,17.967462633565148,17.868249573063085,17.570263606589375
20.140486256234396,19.356630072267418,18.017241568509462,17.903779187131384,17.604408446507094
20.186994293468523,19.39542818404569,18.08592077507341,17.93848120867444,17.651227786224897
20.216289509731638,19.445550022325705,18.168365746270517,17.971527985661034,17.70727843142879
20.264616379225153,19.493802584901587,18.2518984039495,18.007820811414742,17.745102217042962
20.350504460948756,19.54028231252822,18.336283390812355,18.04536165208622,17.76466091933212
20.41840562902381,19.584966392716744,18.39612196901077,18.07425344933813,17.7866503829897
20.47231503454603,19.628308389658407,18.435278986639176,18.093981015093256,17.809561566517527
20.528052058647553,19.666333815501986,18.446251951310984,18.116137309156397,17.84087291329109
20.585444008872855,19.699469078788006,18.431703986156613,18.143016556293635,17.871254377989473
20.624389073289404,19.723383955856516,18.5193558170611,18.16846245241763,17.904444759196267
20.632610479967408,19.738355059866514,18.6812335226512,18.192513805858333,17.939765439800237
20.67116711821964,19.769393314048784,18.80758540537453,18.223413928710606,17.96435539114497
20.749152910473107,19.817164239164285,18.901218783715464,18.26147296792788,17.98951481803595
20.822232709419026,19.86152886110155,18.96165588001697,18.295815571235238,18.015216961169394
20.892686573787216,19.902127634699276,19.004201723361966,18.325984039749947,18.041528658942042
20.955681244309265,19.93428106013721,19.075349731361072,18.355431336737766,18.073090388327586
21.015448343913228,19.95635988439934,19.16124461888066,18.38338056522546,18.102263594568726
21.078433241095716,19.989685889393733,19.216154031085352,18.413158561286416,18.12759021927621
21.140200417304538,20.037524338160274,19.24029064669086,18.44572806001691,18.156634624914595
21.207722323360965,20.071464750485575,19.27831158114181,18.479033900750245,18.18123559759826
21.25907129979035,20.08666443120702,19.340412447691385,18.50926536626438,18.20778768447707
21.27841531657761,20.111254357851124,19.336731362275188,18.535613707600007,18.2391004084196
21.323475314534033,20.15043304532553,19.38786492023604,18.56253283097624,18.27611340149435
21.383458704651275,20.19304312067601,19.45475881304788,18.581535357242757,18.29861492526588
21.452014737507938,20.24162172634258,19.4934384369242,18.600380163887856,18.309310212614797
21.509500645634823,20.282122879221824,19.512042948805917,18.630427389073866,18.326551732886905
21.583330038153576,20.30854309868378,19.633698527551253,18.679405199816184,18.359034296394313
21.639732169399576,20.34006478935823,19.709666167823535,18.71825425006352,18.38730290301453
21.70381209703389,20.381166810462524,19.750558720478438,18.739538101729053,18.42571960036696
21.73931741852075,20.42033168071235,19.780627893295446,18.76009635823541,18.451945891026064
21.779910684901445,20.455760542590063,19.85287643973861,18.78217015808285,18.481003504523844
21.800625206809478,20.490729944636712,19.922462036782818,18.813474387165137,18.504362344711048
21.894935650923607,20.525935946474565,20.02939048691884,18.86415794696672,18.511517216388874
21.953183636673458,20.562402680835184,20.059788576523307,18.905268783245674,18.51774650786256
22.038909166464826,20.602006634343937,20.04386200713129,18.930703210993897,18.541479035299325
22.125557825358598,20.63961790766557,20.049590499428817,18.95515839698519,18.565221350331363
22.202607124742443,20.671999847258448,20.13817461011805,18.990666606407153,18.588989632614467
22.253711196341154,20.703897911139144,20.11430339212249,19.02544209699166,18.615962860097905
22.313743845283668,20.734721954553294,20.22189968848431,19.057200650408497,18.652259783708942
22.347224584430194,20.77041054500665,20.314838249783513,19.090610213785546,18.69014145125987
22.41169128804932,20.821718890983156,20.35570282048736,19.137814686027497,18.732182445226698
22.454620763709887,20.86946515162921,20.396320223709125,19.183037231444438,18.765670581959313
22.53125031410967,20.90682755733801,20.463842227171032,19.223014062235322,18.779791781509264
22.56586648280149,20.94704495345583,20.461525209701264,19.261413094601465,18.797071273503214
22.60368127594311,20.998926681787502,20.62496862915231,19.292425544039713,18.822878522096666
22.612064530780454,21.04686859218917,20.59758715881882,19.320995771985757,18.835682281711573
22.7511972856919,21.07850103136655,20.64442247089466,19.35839004847739,18.863999141549137
22.78836718512936,21.111381440652057,20.65833280293494,19.388969880994658,18.89425073617804
22.839771477028897,21.154129931700112,20.766455862904586,19.425048105636975,18.934212245040946
22.84827984127579,21.19708836198157,20.761652343098902,19.456565649608976,18.974069136702262
22.945021055994197,21.245866136558206,20.850729715822894,19.499062034538888,19.013213120303856
23.040373079948836,21.292367221123627,20.938279039007703,19.533976906284273,19.048070831148735
23.124044025019415,21.325318307056826,21.008943920717126,19.56949087110656,19.058826309243656
23.187440026505897,21.360373354473914,21.038109112665573,19.605859192436945,19.07301998857397
23.220629791714334,21.41192145502852,21.1070918799087,19.64850556985716,19.11799699417049
23.20128022367244,21.462291904379917,21.067655491894,19.687058626204724,19.146932066165228
23.314904580426884,21.51204276047971,21.200070073747394,19.724493104242512,19.182476008796424
23.32669502308265,21.56103438979322,21.15797813255994,19.75135928884967,19.20163878529861
23.449218578909225,21.61491069805762,21.267558225343816,19.794178950411435,19.230159079726917
23.508219516810378,21.667323090445215,21.246077113216437,19.830202283493122,19.24684240176896
23.58357746543684,21.716452416896836,21.40392372807969,19.85961087953281,19.28964691965293
23.59493107866517,21.76419486802442,21.32813840682381,19.889587057058755,19.33143614330195
23.726631574627376,21.80119367878865,21.541922651343288,19.932850991948364,19.34923417542204
23.741761726545512,21.838542430781274,21.506451895422252,19.97231030645952,19.36704085894514
23.772611710257657,21.891514502616744,21.602086007121045,20.001870281845235,19.401940653486818
23.75281550970412,21.94407748705511,21.601354349644502,20.02046866226345,19.436486115908146
23.938617554283844,22.00465405232622,21.717992155521607,20.055694731249837,19.479645495597136
23.96088390755016,22.0646792678719,21.72490608335097,20.086266953103394,19.52280487528612
24.113922902142782,22.108012675488016,21.74908564984008,20.117938870060165,19.545592512366774
24.157976376347932,22.150705781544065,21.772045867194038,20.14962573160599,19.56261833378408
24.294140878011298,22.207156605732685,21.83341284399615,20.189192660723403,19.588712532705664
24.322005891590294,22.263332245573928,21.695904701697806,20.219831459381915,19.615101872629722
24.385300137011193,22.31619157377835,21.756678098955813,20.248352759250675,19.660485617935443
24.43132350501859,22.36776917879591,21.807067629740317,20.270641707429732,19.694383163123945
24.446236811284756,22.407471245753413,21.956481722592677,20.294571413691735,19.713725677555367
24.387550834797672,22.445727878391587,21.934223375047157,20.31774214673053,19.71762678520193
24.537542593866988,22.49746638470378,21.993575822922534,20.344311588914053,19.729371091325454
24.45756241631064,22.54991025980997,21.96876606955039,20.369332065242876,19.741953293751735
24.698886532004288,22.594440428487037,22.149631498076324,20.40331420080031,19.78168997673055
24.59194298464252,22.637489374794303,22.209697742030997,20.43689775278973,19.81421011874029
24.86948693247892,22.687620334204627,22.305060906143694,20.46172123858843,19.852431277729742
24.70692494873202,22.737038922079748,22.340403825069476,20.48101554456899,19.891614103325054
24.961983632357413,22.79673122258263,22.414382867628298,20.504248715107426,19.92826507816344
24.982509736156526,22.85661762299172,22.436551736337144,20.520253857917165,19.962799361979403
25.061372749643446,22.921682692481923,22.522693553790667,20.54574901927403,19.96709306443277
25.092936746779667,22.987757864351032,22.54436225912866,20.573263051373004,19.964821544190038
25.212627314783393,23.030285509519018,22.585245978126412,20.601751218694524,19.984880574280353
25.232024156704185,23.066041331170247,22.544729718546716,20.62831566310312,20.00970428045602
25.270680944268523,23.11487618818774,22.610975988858783,20.643216388475906,20.047152944606403
25.246688762528116,23.16473558166953,22.67294672650937,20.653714958021254,20.085049470736166
25.379574621632102,23.21563539308597,22.73025053200055,20.668167873175314,20.098646882551513
25.43797835020431,23.26528295391924,22.7467849888774,20.68353686230041,20.103436284239425
25.522952461936057,23.30486152108589,22.80434771290048,20.70671238690413,20.141602815072233
25.424429969540814,23.338592875497852,22.83097209249913,20.73197071606127,20.181291977440686
25.56157732299892,23.39246832513789,22.91878349304836,20.74819776901505,20.20204674691973
25.590593879102297,23.450450095529966,22.923757718166556,20.76149887786091,20.21360253424568
25.763527205610757,23.50858585157122,22.976955195715448,20.789151557077513,20.240206339017693
25.776223056719076,23.564903623482607,22.95681629969436,20.819193314325716,20.261033732911667
25.895391040887255,23.63214610239691,22.98820070334496,20.83739731234631,20.273608038725655
25.865903336151355,23.702435405325716,22.968633845848004,20.851356763911618,20.284660797512426
25.829327037798013,23.763134357099833,23.04198861653517,20.863880573409205,20.306467223221638
25.797987754015878,23.819205863483074,23.090176622748853,20.871132884502703,20.32845118776514
25.929293631645738,23.85596283920433,23.21063213583438,20.888190438927808,20.343340754193846
