 F
       54848      113023           3        2048
   -0.310022276445279061E+02   -0.102712189107820251E+02
 T
   2
    0.200000000000000000E+01    0.300000000000000000E+01    0.975585937500000000E+00    0.244140625000000000E-01
   0
   0
 T T     0           0
    0.000000000000000000E+00   -0.100000000000000002+101    0.000000000000000000E+00
 T F     1        1998
    0.526950731831945986E-11   -0.310022276747636454E+02   -0.102712183167406383E+02
 T F     1          50
    0.109435922760050780E-09   -0.483164697320957117E+02   -0.299182379675706791E+02
