 F
       29375       61487           3        2048
   -0.459625978829622071E+02   -0.373236717831325322E+02
 T
   2
    0.200000000000000000E+01    0.300000000000000000E+01    0.221191406250000000E+00    0.778808593750000000E+00
   0
   0
 T T     0           0
    0.000000000000000000E+00   -0.100000000000000002+101    0.000000000000000000E+00
 T F     1         453
    0.834835157146819911E-06   -0.475385840222087310E+02   -0.374477839371820309E+02
 T F     1        1595
    0.980600889067758958E-06   -0.461942821967638935E+02   -0.372913130546174401E+02
