 F
       50467      102492           3        2048
   -0.290309585041924265E+02   -0.986216790410702160E+01
 T
   2
    0.200000000000000000E+01    0.300000000000000000E+01    0.405273437500000000E-01    0.959472656250000000E+00
   0
   0
 T T     0           0
    0.000000000000000000E+00   -0.100000000000000002+101    0.000000000000000000E+00
 T F     1          83
    0.743664273628059962E-09   -0.448620968067315431E+02   -0.282949293116888612E+02
 T F     1        1965
    0.405440564985111028E-10   -0.290309586374291548E+02   -0.986216544818551810E+01
