 F
       29602       72015           3        2048
   -0.140433871260105406E+03   -0.130854722903128390E+03
 T
   2
    0.200000000000000000E+01    0.300000000000000000E+01    0.982421875000000000E+00    0.175781250000000000E-01
   0
   0
 T T     0           0
    0.000000000000000000E+00   -0.100000000000000002+101    0.000000000000000000E+00
 T F     1        2012
    0.143088464397064663E-05   -0.140448659529414982E+03   -0.130848646660655930E+03
 T F     1          36
    0.117825160747492629E-07   -0.144655177309272688E+03   -0.131262574863358907E+03
