 F
       29486       71988           3        2048
   -0.140622773520574611E+03   -0.131096974923362808E+03
 T
   2
    0.200000000000000000E+01    0.300000000000000000E+01    0.249023437500000000E-01    0.975097656250000000E+00
   0
   0
 T T     0           0
    0.000000000000000000E+00   -0.100000000000000002+101    0.000000000000000000E+00
 T F     1          51
    0.309373482374314012E-07   -0.144585570022823049E+03   -0.131576327410935704E+03
 T F     1        1997
    0.149028575071731824E-05   -0.140641966410093318E+03   -0.131087685907546586E+03
