 F
       45819      108671           3        2048
   -0.248150076134386438E+03   -0.230096577285329289E+03
 T
   2
    0.200000000000000000E+01    0.300000000000000000E+01    0.678710937500000000E-01    0.932128906250000000E+00
   0
   0
 T T     0           0
    0.000000000000000000E+00   -0.100000000000000002+101    0.000000000000000000E+00
 T F     1         139
    0.600217788579370858E-09   -0.256095465884331134E+03   -0.237917625676705939E+03
 T F     1        1909
    0.396723629073632460E-09   -0.248150430488943243E+03   -0.230093805370501229E+03
