 F
       42463      114206           3        2048
   -0.177621886509380772E+03   -0.161704949830465125E+03
 T
   2
    0.200000000000000000E+01    0.300000000000000000E+01    0.207519531250000000E+00    0.792480468750000000E+00
   0
   0
 T T     0           0
    0.000000000000000000E+00   -0.100000000000000002+101    0.000000000000000000E+00
 T F     1         425
    0.365738001845708247E-08   -0.180013341959733680E+03   -0.163599307983743415E+03
 T F     1        1623
    0.130441223933083435E-08   -0.177717842958240880E+03   -0.161514166888387535E+03
