 F
       49300      103041           3        2048
    0.162874224832630077E+02    0.344914704308498443E+02
 T
   2
    0.200000000000000000E+01    0.300000000000000000E+01    0.185546875000000000E-01    0.981445312500000000E+00
   0
   0
 T T     0           0
    0.000000000000000000E+00   -0.100000000000000002+101    0.000000000000000000E+00
 T F     1          38
    0.185874848196478266E-10    0.116731370445961815E+02    0.330178877440311709E+02
 T F     1        2010
    0.897097260299126893E-10    0.162774637981053054E+02    0.345062186916412017E+02
