 F
       15107       26956           3        2048
   -0.127070027407025194E+03   -0.123320832389843815E+03
 T
   2
    0.200000000000000000E+01    0.300000000000000000E+01    0.906738281250000000E+00    0.932617187500000000E-01
   0
   0
 T T     0           0
    0.000000000000000000E+00   -0.100000000000000002+101    0.000000000000000000E+00
 T F     1        1857
    0.137979935273040968E-02   -0.127070432152376398E+03   -0.123318151443273791E+03
 T F     1         191
    0.473785351036843533E-03   -0.134882482223999034E+03   -0.129943277960606366E+03
