 F
       54851      177751           3        2048
   -0.122101626645169091E+03   -0.100972424396689675E+03
 T
   2
    0.200000000000000000E+01    0.300000000000000000E+01    0.181640625000000000E+00    0.818359375000000000E+00
   0
   0
 T T     0           0
    0.000000000000000000E+00   -0.100000000000000002+101    0.000000000000000000E+00
 T F     1         372
    0.775428877324501937E-12   -0.122278180515636294E+03   -0.100324020102543528E+03
 T F     1        1676
    0.568449200241347724E-11   -0.123922734348795288E+03   -0.104330314954494952E+03
