 F
       29402       67254           3        2048
   -0.140586655232263070E+03   -0.130902054930565896E+03
 T
   2
    0.200000000000000000E+01    0.300000000000000000E+01    0.964355468750000000E+00    0.356445312500000000E-01
   0
   0
 T T     0           0
    0.000000000000000000E+00   -0.100000000000000002+101    0.000000000000000000E+00
 T F     1        1975
    0.146651901309527416E-05   -0.140600178417291033E+03   -0.130877348072714994E+03
 T F     1          73
    0.170538169325823312E-06   -0.144896758862014110E+03   -0.132716729250876767E+03
