 F
       33766       90815           3        2048
   -0.137961773884140513E+03   -0.126795717358955201E+03
 T
   2
    0.200000000000000000E+01    0.300000000000000000E+01    0.156250000000000000E+00    0.843750000000000000E+00
   0
   0
 T T     0           0
    0.000000000000000000E+00   -0.100000000000000002+101    0.000000000000000000E+00
 T F     1         320
    0.472542248771474958E-07   -0.139937262230980025E+03   -0.127088261759357124E+03
 T F     1        1728
    0.145342612000042592E-06   -0.138111078816251450E+03   -0.126748609820683967E+03
