 F
       37651       95341           3        2048
   -0.658152579862338456E+02   -0.524351279862448365E+02
 T
   2
    0.200000000000000000E+01    0.300000000000000000E+01    0.410156250000000000E-01    0.958984375000000000E+00
   0
   0
 T T     0           0
    0.000000000000000000E+00   -0.100000000000000002+101    0.000000000000000000E+00
 T F     1          84
    0.677209798875070101E-08   -0.694808006364012272E+02   -0.533609587308359892E+02
 T F     1        1964
    0.250914028757665633E-07   -0.658411813939109436E+02   -0.524108135029482298E+02
