ps1__g,ps1__r,ps1__i,ps1__z,ps1__y
21.37837711462423,21.42776501783407,22.84949531511149,20.212350579238635,27.945042102308307
20.08313623176071,19.987616239072224,21.002598232658457,19.667538002699843,24.0658757181858
18.789881333835634,18.55306043301352,19.412996598095404,19.194565171260173,20.695916754128724
18.50579453941188,18.150224285695423,18.895719926233134,19.001095964965504,19.985217650021898
18.251015246983776,17.776872484770024,18.616209945269787,18.85293876166549,19.653198091300794
18.192817134093335,17.62558602284781,18.400242573265558,18.746444354039028,19.408430888679455
18.144235122244076,17.484720480323716,18.303974729555264,18.67424105969213,19.205398183412875
18.163481787106637,17.440714976927694,18.327356192469804,18.707461401807365,19.104556826318316
18.187808799404486,17.40362946802425,18.36951035978138,18.759023591723604,19.07241942196039
18.20792820241222,17.425080142809488,18.394157464466538,18.764190971912328,18.966292649227654
18.22767460682844,17.452250869611397,18.417191813570938,18.771422448214068,18.911048420057533
18.323713067443972,17.537460669513102,18.35420537907514,18.672550649316555,18.716556727523148
18.428099362361607,17.629671396481946,18.288347396755434,18.562002121622143,18.53453540778603
18.52887073041557,17.782554871718837,18.227911734166085,18.45967104377076,18.388439173421126
18.62916514959166,17.94343298745695,18.174496804477542,18.362602551488344,18.246632200727156
18.775517319016586,18.108764750259056,18.179345993784892,18.324816470615644,18.125517839157094
18.929026456304204,18.274788570505063,18.19310594828606,18.2982929481972,18.02291392566837
19.10250928924138,18.434230957999347,18.23003611643582,18.309767739531896,18.011573696392162
19.279584111443818,18.592617093298735,18.271133122819215,18.330110338501868,18.03116006466326
19.46954871898165,18.74918084921977,18.342210078207543,18.36916321919277,18.052562174960435
19.66216008311883,18.90560499297558,18.419443042079507,18.411975079377886,18.080801269011978
19.851126908390153,19.06023626038679,18.50506039627648,18.475453999982758,18.146387974781955
20.039248325217336,19.21443949627892,18.59262264244487,18.543726972191273,18.227182145321894
20.22538220181312,19.36291800889726,18.679077426805463,18.60381605356448,18.265607905841918
20.41099972094586,19.50990925421931,18.765244495646925,18.661778982700515,18.292585871112532
20.593434152616922,19.640912201132878,18.851644289718287,18.739366552393797,18.35055679775264
20.77494894192344,19.767295885544105,18.938111321647014,18.822798468839927,18.428640088198158
20.95057046664091,19.888614793662324,19.045712015356624,18.90470811134,18.48895011158786
21.124309617603892,20.00831595633194,19.16006303389411,18.987818675905935,18.556864132424927
21.288556109091072,20.13024181796301,19.247713536465184,19.06164391523429,18.625863529693035
21.44974279086278,20.2529494052337,19.325981880693206,19.132005711913994,18.716275172171855
21.600996082997867,20.38038363491095,19.41445883940567,19.19921394873819,18.79228603752602
21.749017099182154,20.509637371114767,19.506865573016245,19.265208232348773,18.859534795577815
21.894203748876215,20.626231164612868,19.58623279373424,19.333249421587222,18.934893692167975
22.03809272166219,20.737813532289113,19.66012057027449,19.406895829264045,19.026993201994646
22.170736835089023,20.847226785744454,19.75491758977714,19.476622359944542,19.086327661686465
22.29823829728768,20.955586155344026,19.859277107179203,19.54822720557216,19.128003615621864
22.430822043942158,21.060882759649267,19.932082558086254,19.614237271989552,19.174793436096472
22.565928842566194,21.165066981506328,19.989223291618696,19.676376059532814,19.224121987166733
22.694629634223894,21.26482088423717,20.044203743323354,19.731062085645355,19.300156976281677
22.81988588877546,21.362663444351618,20.10382939537716,19.782543337170765,19.390552130363787
22.94444138378866,21.457077784336455,20.173419248909386,19.83818018126842,19.44164372381753
23.06872831572669,21.549491374544456,20.246913769393203,19.89831230077161,19.46988783746853
23.184570469494204,21.647511893786515,20.312955226328942,19.961637122559143,19.527952953760483
23.29506128186327,21.749130034170925,20.386589614479426,20.02759359205848,19.604729470523285
23.406530885933407,21.841086308602076,20.463665554325217,20.08366673917628,19.672944390248055
23.518971381611706,21.9267508373469,20.537662160296513,20.132387138431532,19.735368410948148
23.628299714485827,22.011534864244897,20.604929124791227,20.184653164962896,19.782927164489582
23.735946726922926,22.096284781299563,20.667294643291065,20.24060326910616,19.819658995908767
23.8517157038511,22.17853744428654,20.727482106777074,20.292017080973274,19.86692570416939
23.973439824856023,22.25937253005101,20.785962810196366,20.34123237424426,19.92901531818787
24.083708154256506,22.33857590838448,20.8518455199651,20.389894876810907,20.00017958959361
24.184303390641688,22.416105390603697,20.923964785343586,20.440056333471333,20.080847266986297
24.28139185218899,22.492255954849746,21.001615269280585,20.48855198982506,20.13675346231541
24.375304895541767,22.567290879604542,21.084274324586016,20.53289758448993,20.184316270405617
24.474992465708304,22.637619558009803,21.141043208752407,20.5800456477304,20.22589489028425
24.58052914911056,22.703322195876197,21.17992145189838,20.629920302022995,20.262645115916825
24.68128576817974,22.773381713654476,21.227775251373846,20.67464467052778,20.31040509219376
24.77690631324283,22.848104103990785,21.283732398010407,20.713985522229017,20.350235284613824
24.867959807027923,22.916875921747035,21.347748061819857,20.7591801012446,20.403126301848857
24.953831659228058,22.97885934618098,21.415199424931536,20.810949325280784,20.470686654060298
25.050946417432154,23.038159383977412,21.472950366250863,20.85728893774884,20.524920054476794
25.161529074876334,23.094009029788694,21.524718678294192,20.897730781589942,20.577457016671463
25.261598465712858,23.15292991703992,21.585246319552333,20.938489590911832,20.631222934810403
25.348117567480468,23.215991966161127,21.65440838195925,20.97922287071266,20.672217379050693
25.4323578231529,23.277128377596142,21.717124639957,21.01944267383314,20.70610316684921
25.51385232382436,23.334395012294625,21.76948017552869,21.063239935218654,20.71660373765539
25.602285221866545,23.39443045005614,21.84043205109085,21.103012530364655,20.739384394819623
25.69982230278603,23.4578258146938,21.89483460639289,21.130016680489412,20.783053494448588
25.794225007836253,23.52117064850989,21.946880005791783,21.16787495449693,20.849210844024647
25.883825289718075,23.583730426503436,22.01067398484487,21.21006379946965,20.932495844833532
25.972424078060968,23.643230578936503,22.0820317092292,21.256198617092547,20.996878878945665
26.058622555015887,23.69725043837953,22.12661883535705,21.309971658546026,21.021926601070316
26.143112380658906,23.751938041593075,22.176018431473462,21.357415547191017,21.06113938057739
26.223629417355205,23.808039415040135,22.219628366346484,21.391167553876535,21.097285604841293
26.306546921397157,23.862803173550823,22.27169834617566,21.425706509808432,21.146964420807812
26.39324040053001,23.914398581868767,22.322490476481338,21.458715435221542,21.178480426051664
26.477643978231686,23.97041306469737,22.3739135803782,21.49643475673539,21.219432467118857
26.554809790333625,24.034073661235475,22.414211846456514,21.545917753727064,21.287192097991294
26.63125503727028,24.09465393531824,22.47632143141351,21.59655963166282,21.357791837519677
26.703870764292517,24.14762142248425,22.550999605152064,21.64209120843971,21.402714730310343
26.78235538663553,24.19829099291606,22.617332957875835,21.690465385720046,21.451106871089667
26.87662842366632,24.24276351329722,22.654171489737145,21.732092187112176,21.5087031964483
26.961506094406293,24.28912018464839,22.723846246714686,21.771214272484826,21.555287451940075
27.017525465644503,24.3403739982763,22.756255655220176,21.803976458209824,21.569835841993694
27.07818802440564,24.39140855937532,22.79285558962793,21.8415871868659,21.58693588862895
27.151628952534484,24.44168030826256,22.84436173474583,21.885829099384765,21.613724984096287
27.22811218155963,24.494703285444395,22.898137297896206,21.929994554414044,21.65370747388771
27.31339542530653,24.55354549829616,22.951917619271264,21.9720221240893,21.722395130472318
27.393818060482452,24.612262072720203,23.024291526004347,22.01487350324009,21.78322800746774
27.45198279020344,24.669805520166012,23.0422390121181,22.062187000086,21.819544358648436
27.511631791018704,24.724708644628834,23.115098939821817,22.112075364364905,21.87976709085831
27.57313840503231,24.7658893579482,23.164961731382014,22.152809316020416,21.925311430034345
27.63993189254397,24.809267304056185,23.22296133567105,22.197786974245325,21.96686364103982
27.723751958729316,24.857361226213328,23.246673357053474,22.222509080717195,21.98838043307174
27.808972475898486,24.906847860744506,23.303937345542096,22.25529816574703,22.01072959385636
27.89619055275197,24.956262194722278,23.338929149723782,22.295520805820118,22.038046503294744
27.97925217789163,25.005948970121285,23.37521026672953,22.343860908488125,22.06981723149898
28.03461060464491,25.05456876039256,23.422033568985274,22.392786359852835,22.12387989292549
28.092846716876743,25.103413827343015,23.479960620628482,22.44014263117657,22.17564153230189
28.17146907120593,25.154265733652416,23.519150587454895,22.475595316081446,22.203254601966805
28.2491193459854,25.206360209096637,23.58969555860082,22.514625600509454,22.254036871416538
28.305934459335763,25.2516819301336,23.610123333965298,22.54804558147764,22.262386858183127
28.36542581697644,25.29912654005762,23.680026377329163,22.592371122727638,22.29998128732776
28.433004537305948,25.347601701214113,23.69330574824227,22.618106192488195,22.349045150872662
28.500813590445794,25.39782457824699,23.744973606834613,22.650626771039985,22.41723172582521
28.55356956095256,25.440686953114753,23.751795328696083,22.68479034765793,22.435919534459096
28.607419153918926,25.485261820151088,23.82634130911316,22.71894591238918,22.455736620010242
28.65759917773971,25.53174517382978,23.818861686409413,22.753034703713624,22.502245100565755
28.70990374052378,25.578464803167133,23.883784108878736,22.790925290899253,22.548960631769653
28.762678108733976,25.634398191965378,23.920702887828362,22.83139733072561,22.577018523353722
28.816428762249274,25.691044212754274,23.985451565639934,22.883348323871754,22.60570287115634
28.87919210142676,25.73290819780213,24.001057946223007,22.918953601508235,22.6289841503326
28.94491138493211,25.77573748059369,24.04843447426895,22.959430226298714,22.65226542950885
29.009750139717355,25.813724554370616,24.090517504643145,22.989203738415412,22.6905295872372
29.076578634586696,25.852377847676415,24.132949663979232,23.018834078948984,22.738047799946337
29.135860617599402,25.901257360163196,24.1629878192431,23.047775798005226,22.778757605810824
29.1969113035225,25.951720321978076,24.250568651604215,23.086305621625407,22.819242238451
29.23768467696499,25.995505749786872,24.287492228065673,23.11841783011458,22.815186603436253
29.277757577740214,26.040891439717768,24.327770731707915,23.156608415721607,22.829392968812805
29.35514520166272,26.090728131889932,24.33740125676443,23.194189906442713,22.87094285250987
29.436501205020555,26.141922564009626,24.396597089156504,23.23264539745054,22.938198887983212
29.46976284362332,26.189928273371365,24.42601563272977,23.25991919943703,22.968591520551584
29.503068957076763,26.238593190439463,24.479232687031086,23.288106977442283,22.995382170152425
29.553866259416928,26.277532563736905,24.47759555927808,23.323127425880706,23.00915217512066
29.613629186167437,26.316362320505196,24.511473933554115,23.360423504572466,23.038464799955214
29.673687696539776,26.359165251102276,24.53125685665988,23.38450459078079,23.046397953065032
29.742696413052734,26.405464249694703,24.567886113403716,23.411298595208166,23.051099941908227
29.789179078111445,26.450910079350564,24.595829484612374,23.44049275229002,23.058875416935187
29.837489043193713,26.49877528380613,24.639177066265844,23.478303204973393,23.069964326849632
29.873727453420138,26.5429586171423,24.65737564188243,23.517684894865763,23.12627330368734
29.908774662995903,26.586373577151114,24.69301158721214,23.557090074933946,23.192545559573976
29.96735975299315,26.62739537295177,24.717181431466273,23.58229920786422,23.21622418712362
30.033072422877304,26.671048310682345,24.763672067633692,23.606735381194056,23.230825477374754
30.09190612496477,26.711933625055043,24.788803926369525,23.631358958479286,23.232142276300895
30.150315353070464,26.755824168053543,24.817451282069026,23.65772467568982,23.23451717381821
30.2103837492739,26.797769108689884,24.842598969264223,23.682640382450035,23.26720431103323
30.272996341215176,26.841873416911515,24.87825842911526,23.707313893066583,23.31181603750369
30.3182081023882,26.88444771158371,24.908741668376603,23.736654986897364,23.316448408347785
30.361729039167567,26.931589313777422,24.950166823137693,23.76761556922112,23.323028715225604
30.405290438877728,26.973320075687216,24.96924196160809,23.803543003199955,23.348857579977533
30.452211557826182,27.017618251869692,25.010788158209962,23.841067030915347,23.38594333522748
30.510078734852836,27.057924089812577,25.03841448688033,23.864578308123015,23.397501304639484
30.57570731432144,27.100075943080487,25.087290535595482,23.885951396687474,23.418330923494416
30.628954626406898,27.14708342469334,25.121890252455614,23.916362619681077,23.449708156945036
30.680778713498682,27.198183291827487,25.171495089832643,23.949898857304696,23.48239055374341
30.743534957779854,27.24005545252575,25.19436890107721,23.982149143961358,23.5020267256601
30.81082886613709,27.278873677657668,25.224604300128913,24.01872162012622,23.52338058235557
30.855838839497217,27.32464280077659,25.226317896716075,24.046213776486503,23.54798574436151
