 F
       54666      141048           3        2048
   -0.137172150197420706E+03   -0.117231419289999977E+03
 T
   2
    0.200000000000000000E+01    0.300000000000000000E+01    0.959472656250000000E+00    0.405273437500000000E-01
   0
   0
 T T     0           0
    0.000000000000000000E+00   -0.100000000000000002+101    0.000000000000000000E+00
 T F     1        1965
    0.562342508027228563E-11   -0.137172150375504003E+03   -0.117231416462334138E+03
 T F     1          83
    0.162707843124628552E-10   -0.152713170023609422E+03   -0.133110456397622215E+03
